{
	"asset": {
		"generator": "SOLIDWORKSGLTF",
		"version" : "2.0"
	},
"extensionsUsed": [ "KHR_lights_punctual", "Solidworks_custom_properties", "KHR_draco_mesh_compression"],
"extensionsRequired": [ "KHR_draco_mesh_compression" ],
	"scene" : 0,
	"scenes": [
		{
			"name": "default - Display State-1",
			"nodes": [
				0, 1]
		}
	],
	"nodes": [
		{
			"matrix": [
				-0.707107,					0,					-0.707107,					0,
				-0.408103,					0.816642,					0.408103,					0,
				0.577453,					0.577145,					-0.577453,					0,
				17.3977,					17.7001,					-16.7782,					1
			]
			,"camera": 0
			,"name": "current"		}
,
		{
			"children": [
				2, 3, 4, 5, 6, 7, 8, 9, 10, 11, 12, 13, 14, 15, 16, 19, 20, 21, 24, 25, 26, 27, 28, 33, 34, 2062, 2089, 2090, 2095, 2096, 2097, 2098, 2099, 2100, 2101, 2102, 2915, 2916, 2917, 2918, 2919, 2920, 2921, 2922, 2923, 2924, 2925, 2926, 2927, 2928, 2929, 2930, 2931, 2937, 2938, 2945, 2946, 2947, 2948, 2949, 2950, 2951, 2952, 2953, 2954, 2955, 2956, 2957, 2958, 2959, 2960, 2961, 2962, 2963, 2964, 2965, 2966, 2967, 3018, 3019, 3020, 3021, 3022, 3023, 3024, 3025, 3026, 3030, 3031, 3035, 3036, 3037, 3038, 3039, 3043, 3047, 3048, 3049, 3050, 3051, 3052, 3053, 3054, 3055, 3056, 3061, 3062, 3063, 3064, 3065, 3066, 3067, 3068, 3069, 3070, 3073, 3074, 3075, 3076, 3077, 3078, 3083, 3084, 3085, 3086, 3087, 3088, 3089, 3090, 3091, 3092, 3093, 3094, 3097, 3098, 3099, 3100, 3101, 3102, 3103, 3104, 3105, 3106, 3107, 3110, 3113, 3119, 3133, 3136, 3139, 3142, 3143, 3144, 3145, 3148, 3151, 3152, 3153, 3154, 3155
			]
			,"name": "Frame assembly 26-05-23"		}
,
		{
			"matrix": [
				-0.221562,					-0.0837848,					-0.97154,					0,
				0.798525,					-0.587436,					-0.131446,					0,
				-0.559704,					-0.804922,					0.197058,					0,
				0.365016,					0.120352,					0.278794,					1
			]
			,"name": "hex bolt_am-4"		}
,
		{
			"mesh": 0
			,"name": "Frame 10-05-23-1"		}
,
		{
			"matrix": [
				1,					-7.23783e-24,					-7.23783e-24,					0,
				-7.23783e-24,					5.23862e-47,					-1,					0,
				7.23783e-24,					1,					0,					0,
				1.4296,					0.152097,					-0.13335,					1
			]
			,"name": "hex nut style 1_am-2"		}
,
		{
			"matrix": [
				0.494758,					-4.39127e-18,					-0.869031,					0,
				-0.869031,					2.45179e-17,					-0.494758,					0,
				2.34795e-17,					1,					8.3143e-18,					0,
				1.4296,					0.152097,					0.13335,					1
			]
			,"name": "hex nut style 1_am-3"		}
,
		{
			"name": "Frame 26-06-23-1"		}
,
		{
			"matrix": [
				7.23783e-24,					1,					0,					0,
				-1,					7.23783e-24,					0,					0,
				0,					0,					1,					0,
				1.4296,					0.110897,					-0.13335,					1
			]
			,"name": "socket head cap screw_am-1"		}
,
		{
			"matrix": [
				-4.88037e-23,					1,					-4.2067e-17,					0,
				-0.546944,					3.52172e-17,					0.837169,					0,
				0.837169,					2.30084e-17,					0.546944,					0,
				0.60515,					0.110897,					0.13335,					1
			]
			,"name": "socket head cap screw_am-4"		}
,
		{
			"matrix": [
				-1.05879e-22,					1,					2.77556e-17,					0,
				-0.546944,					-7.87473e-17,					0.837169,					0,
				0.837169,					-7.06918e-17,					0.546944,					0,
				0.60515,					0.110897,					-0.13335,					1
			]
			,"name": "socket head cap screw_am-6"		}
,
		{
			"matrix": [
				-9.1817e-23,					1,					-4.11997e-17,					0,
				-0.546944,					3.44911e-17,					0.837169,					0,
				0.837169,					2.2534e-17,					0.546944,					0,
				1.4296,					0.110897,					0.13335,					1
			]
			,"name": "socket head cap screw_am-2"		}
,
		{
			"matrix": [
				0.546944,					-5.88147e-18,					-0.837169,					0,
				-0.837169,					2.42037e-17,					-0.546944,					0,
				2.34795e-17,					1,					8.3143e-18,					0,
				0.60515,					0.152097,					0.13335,					1
			]
			,"name": "hex nut style 1_am-5"		}
,
		{
			"matrix": [
				0.546944,					3.2275e-17,					-0.837169,					0,
				-0.837169,					4.03304e-17,					-0.546944,					0,
				0,					1,					-2.77556e-17,					0,
				0.60515,					0.152097,					-0.13335,					1
			]
			,"name": "hex nut style 1_am-7"		}
,
		{
			"matrix": [
				-0.221562,					-0.0837848,					0.97154,					0,
				-0.139921,					0.988724,					0.0533574,					0,
				-0.965056,					-0.124117,					-0.230787,					0,
				0.365016,					0.120352,					-0.278794,					1
			]
			,"name": "hex bolt_am-2"		}
,
		{
			"matrix": [
				0,					0,					1,					0,
				0,					1,					0,					0,
				-1,					0,					0,					0,
				0.132373,					0.102597,					-0.32168,					1
			]
			,"name": "hex bolt_am-1"		}
,
		{
			"matrix": [
				1,					0,					0,					0,
				0,					1,					0,					0,
				0,					0,					1,					0,
				-0.00762686,					0.0725966,					-0.31,					1
			]
			,"mesh": 1
			,"name": "Lap harness mounts-4"		}
,
		{
			"children": [
				17, 18
			]
			,"matrix": [
				-0.75841,					-5.87364e-15,					0.651778,					0,
				-7.06568e-15,					1,					7.90095e-16,					0,
				-0.651778,					-4.00604e-15,					-0.75841,					0,
				-0.257627,					0.0505966,					-0.31,					1
			]
			,"name": "end caps assembly 15-04-2023-4"		}
,
		{
			"matrix": [
				1,					-5.91646e-31,					0,					0,
				0,					2.95823e-31,					1,					0,
				5.91646e-31,					-1,					-2.95823e-31,					0,
				0,					0.002,					-5.55112e-17,					1
			]
			,"mesh": 2
			,"name": "hex nut style 1_am-1"		}
,
		{
			"mesh": 3
			,"name": "End Caps-1"		}
,
		{
			"matrix": [
				1,					0.000263779,					4.05421e-05,					0,
				-0.000263931,					0.999993,					0.00381096,					0,
				-3.95365e-05,					-0.00381097,					0.999993,					0,
				0.721123,					0.132632,					-0.215002,					1
			]
			,"mesh": 4
			,"name": "Aeropackage bracket 07-06-23-5"		}
,
		{
			"matrix": [
				0.998422,					-0.000200044,					0.0561607,					0,
				0.000200044,					1,					5.62173e-06,					0,
				-0.0561607,					5.62173e-06,					0.998422,					0,
				1.09216,					0.132668,					-0.207481,					1
			]
			,"mesh": 5
			,"name": "Aeropackage bracket 07-06-23-6"		}
,
		{
			"children": [
				22, 23
			]
			,"matrix": [
				-0.999299,					-0.037432,					4.5841e-18,					0,
				1.2326e-31,					1.22465e-16,					1,					0,
				-0.037432,					0.999299,					-1.22379e-16,					0,
				1.44737,					0.132597,					-0.2075,					1
			]
			,"name": "end caps assembly 15-04-2023-3"		}
,
		{
			"matrix": [
				1,					7.70372e-34,					-5.60997e-34,					0,
				-5.60997e-34,					0,					1,					0,
				-7.70372e-34,					-1,					0,					0,
				0,					0.002,					0,					1
			]
			,"mesh": 6
			,"name": "hex nut style 1_am-1"		}
,
		{
			"mesh": 7
			,"name": "End Caps-1"		}
,
		{
			"matrix": [
				0.913717,					-0.367703,					0.172963,					0,
				0.367703,					0.929349,					0.0332333,					0,
				-0.172963,					0.0332333,					0.984367,					0,
				1.32516,					0.181777,					-0.210634,					1
			]
			,"mesh": 8
			,"name": "Aeropackage bracket 07-06-23-7"		}
,
		{
			"matrix": [
				5.64755e-20,					1.249e-16,					1,					0,
				-8.6284e-19,					1,					-1.249e-16,					0,
				-1,					-8.6284e-19,					5.64755e-20,					0,
				0.319873,					0.0725966,					-0.31,					1
			]
			,"mesh": 9
			,"name": "floot panel mounts mid-3"		}
,
		{
			"matrix": [
				-0.958549,					-0.164323,					-0.232771,					0,
				-0.179149,					0.982842,					0.0439041,					0,
				0.221562,					0.0837848,					-0.97154,					0,
				0.146441,					0.0570082,					-0.322082,					1
			]
			,"mesh": 10
			,"name": "Anti submarine bracket-4"		}
,
		{
			"matrix": [
				1,					0,					0,					0,
				0,					1,					0,					0,
				0,					0,					1,					0,
				0.961079,					0.178297,					0.13335,					1
			]
			,"mesh": 11
			,"name": "steering actuator bracket 02-06-23-1"		}
,
		{
			"children": [
				29, 30, 31, 32
			]
			,"matrix": [
				1,					0,					0,					0,
				0,					1,					0,					0,
				0,					0,					1,					0,
				-0.257627,					0.153797,					0.31,					1
			]
			,"name": "Acc bracket botom 29-05-23-2"		}
,
		{
			"matrix": [
				-1,					-1.84889e-32,					1.0811e-16,					0,
				6.48631e-33,					1,					-1.2326e-32,					0,
				-1.0811e-16,					1.2326e-32,					-1,					0,
				0,					0,					0,					1
			]
			,"mesh": 12
			,"name": "Short side bottom 29-05-23-1"		}
,
		{
			"matrix": [
				-8.41828e-17,					1.2326e-32,					-1,					0,
				-0.383049,					0.923728,					3.22461e-17,					0,
				0.923728,					0.383049,					-7.7762e-17,					0,
				-0.0625,					-2.77556e-17,					0.044,					1
			]
			,"mesh": 13
			,"name": "socket head cap screw_am-1"		}
,
		{
			"matrix": [
				-8.32667e-17,					-2.77556e-17,					-1,					0,
				-0.524663,					0.85131,					2.77556e-17,					0,
				0.85131,					0.524663,					-6.93889e-17,					0,
				0.0625,					2.77556e-17,					0.044,					1
			]
			,"mesh": 14
			,"name": "socket head cap screw_am-2"		}
,
		{
			"mesh": 15
			,"name": "Long side botom 29-05-23-1"		}
,
		{
			"mesh": 16
			,"name": "Part5^Frame assembly 26-05-23-1"		}
,
		{
			"children": [
				35, 47, 2044, 2060, 2061
			]
			,"matrix": [
				1,					0,					0,					0,
				0,					1,					0,					0,
				0,					0,					1,					0,
				-0.363738,					-0.0734001,					-0.460716,					1
			]
			,"name": "11AAsem-1"		}
,
		{
			"children": [
				36, 37, 38, 39, 40, 41, 42, 43, 44, 45, 46
			]
			,"matrix": [
				1,					0,					0,					0,
				0,					1,					0,					0,
				0,					0,					1,					0,
				-0.171363,					0.0518302,					-0.10459,					1
			]
			,"name": "1Container assem-1"		}
,
		{
			"matrix": [
				-1,					-6.98296e-15,					0,					0,
				6.98296e-15,					-1,					0,					0,
				0,					0,					1,					0,
				0.0775,					0.276814,					0.701806,					1
			]
			,"mesh": 17
			,"name": "hv-500_lc_ih30xx_onepartstep.step-1"		}
,
		{
			"matrix": [
				-3.49148e-15,					0,					-1,					0,
				0,					1,					0,					0,
				1,					0,					-3.49148e-15,					0,
				0.0613915,					0.317866,					0.805306,					1
			]
			,"mesh": 18
			,"name": "1Controller container-1"		}
,
		{
			"matrix": [
				-3.49148e-15,					0,					-1,					0,
				0,					1,					0,					0,
				1,					0,					-3.49148e-15,					0,
				0.289391,					0.419366,					0.805306,					1
			]
			,"mesh": 19
			,"name": "1Controller cover-1"		}
,
		{
			"matrix": [
				1.04744e-14,					-1,					0,					0,
				1,					1.04744e-14,					0,					0,
				0,					0,					1,					0,
				0.125391,					0.435966,					0.318306,					1
			]
			,"mesh": 20
			,"name": "heavy hex flange screw_am-6"		}
,
		{
			"matrix": [
				1.04744e-14,					-1,					0,					0,
				1,					1.04744e-14,					0,					0,
				0,					0,					1,					0,
				0.225391,					0.435966,					0.318306,					1
			]
			,"mesh": 21
			,"name": "heavy hex flange screw_am-1"		}
,
		{
			"matrix": [
				1.04744e-14,					-1,					0,					0,
				1,					1.04744e-14,					0,					0,
				0,					0,					1,					0,
				0.125391,					0.435966,					0.812306,					1
			]
			,"mesh": 22
			,"name": "heavy hex flange screw_am-7"		}
,
		{
			"matrix": [
				1,					0,					0,					0,
				0,					-3.49148e-15,					1,					0,
				0,					-1,					-3.49148e-15,					0,
				0.125391,					0.394837,					0.812306,					1
			]
			,"mesh": 23
			,"name": "hex flange nut_am-7"		}
,
		{
			"matrix": [
				1,					0,					0,					0,
				0,					-3.49148e-15,					1,					0,
				0,					-1,					-3.49148e-15,					0,
				0.225391,					0.394837,					0.318306,					1
			]
			,"mesh": 24
			,"name": "hex flange nut_am-2"		}
,
		{
			"matrix": [
				1.04744e-14,					-1,					0,					0,
				1,					1.04744e-14,					0,					0,
				0,					0,					1,					0,
				0.225391,					0.435966,					0.812306,					1
			]
			,"mesh": 25
			,"name": "heavy hex flange screw_am-8"		}
,
		{
			"matrix": [
				1,					0,					0,					0,
				0,					-3.49148e-15,					1,					0,
				0,					-1,					-3.49148e-15,					0,
				0.125391,					0.394837,					0.318306,					1
			]
			,"mesh": 26
			,"name": "hex flange nut_am-6"		}
,
		{
			"matrix": [
				1,					0,					0,					0,
				0,					-3.49148e-15,					1,					0,
				0,					-1,					-3.49148e-15,					0,
				0.225391,					0.394837,					0.812306,					1
			]
			,"mesh": 27
			,"name": "hex flange nut_am-8"		}
,
		{
			"children": [
				48, 49, 313, 577, 841, 1105, 1369, 1633, 1634, 1635, 1636, 1637, 1638, 1639, 1640, 1641, 1642, 1643, 1644, 1645, 1646, 1647, 1648, 1649, 1650, 1651, 1652, 1653, 1654, 1655, 1656, 1657, 1658, 1659, 1660, 1661, 1662, 1663, 1664, 1665, 1666, 1667, 1668, 1669, 1670, 1671, 1672, 1673, 1674, 1675, 1676, 1677, 1678, 1679, 1680, 1681, 1682, 1683, 1684, 1685, 1686, 1687, 1688, 1689, 1690, 1691, 1692, 1693, 1694, 1695, 1696, 1697, 1698, 1699, 1700, 1701, 1702, 1703, 1704, 1705, 1706, 1707, 1708, 1709, 1710, 1711, 1712, 1713, 1714, 1715, 1716, 1717, 1718, 1719, 1720, 1721, 1722, 1723, 1724, 1725, 1726, 1727, 1736, 1745, 1746, 1747, 2011, 2012, 2013, 2014, 2015, 2016, 2017, 2018, 2019, 2020, 2021, 2022, 2023, 2024, 2025, 2026, 2029, 2030, 2031, 2032, 2033, 2034, 2035, 2036, 2037, 2038, 2039, 2040, 2041, 2042, 2043
			]
			,"matrix": [
				1,					0,					0,					0,
				0,					1,					0,					0,
				0,					0,					1,					0,
				0.0867028,					-0.0856811,					-0.0658477,					1
			]
			,"name": "2ACC Assem-1"		}
,
		{
			"matrix": [
				-1.04744e-14,					-6.98296e-15,					-1,					0,
				7.31427e-29,					-1,					6.98296e-15,					0,
				-1,					0,					1.04744e-14,					0,
				0.0727105,					0.288987,					0.744742,					1
			]
			,"mesh": 28
			,"name": "rl00801-35-c3d.stp-5"		}
,
		{
			"children": [
				50, 51, 52, 53, 54, 55, 56, 57, 58, 59, 60, 61, 62, 63, 64, 65, 66, 67, 68, 69, 70, 71, 72, 73, 74, 75, 76, 77, 78, 79, 80, 81, 82, 83, 84, 85, 86, 87, 88, 89, 90, 91, 92, 93, 94, 95, 96, 97, 98, 99, 100, 101, 102, 103, 104, 105, 106, 107, 108, 109, 110, 111, 112, 113, 114, 115, 116, 117, 118, 119, 120, 121, 122, 123, 124, 125, 126, 127, 128, 129, 130, 131, 132, 133, 134, 135, 136, 137, 138, 139, 140, 141, 142, 143, 144, 145, 146, 147, 148, 149, 150, 151, 152, 153, 154, 155, 156, 157, 158, 159, 160, 161, 162, 163, 164, 165, 166, 167, 168, 169, 170, 171, 172, 173, 174, 175, 176, 177, 178, 179, 180, 181, 182, 183, 184, 185, 186, 187, 188, 189, 190, 191, 192, 193, 194, 195, 196, 197, 198, 199, 200, 201, 202, 203, 204, 205, 206, 207, 208, 209, 210, 211, 212, 213, 214, 215, 216, 217, 218, 219, 220, 221, 222, 223, 224, 225, 226, 227, 228, 229, 230, 231, 232, 233, 234, 235, 236, 237, 238, 239, 240, 241, 242, 243, 244, 245, 246, 247, 248, 249, 250, 251, 252, 253, 254, 255, 256, 257, 258, 259, 260, 261, 262, 263, 264, 265, 266, 267, 268, 269, 270, 271, 272, 273, 274, 275, 276, 277, 278, 279, 280, 281, 282, 283, 284, 285, 286, 287, 288, 289, 290, 291, 292, 293, 294, 295, 296, 297, 298, 299, 300, 301, 302, 303, 304, 305, 306, 307, 308, 309, 310, 311, 312
			]
			,"matrix": [
				-1,					0,					6.98296e-15,					0,
				0,					1,					0,					0,
				-6.98296e-15,					0,					-1,					0,
				0.282923,					0.0811369,					0.949142,					1
			]
			,"name": "1Final Segment-8"		}
,
		{
			"matrix": [
				4.56752e-15,					0.385468,					0.922721,					0,
				-1,					3.49148e-15,					3.49148e-15,					0,
				-1.87581e-15,					-0.922721,					0.385468,					0,
				-0.0162834,					0.236241,					0.337078,					1
			]
			,"mesh": 29
			,"name": "1Cell-20"		}
,
		{
			"matrix": [
				4.56752e-15,					0.385468,					0.922721,					0,
				-1,					3.49148e-15,					3.49148e-15,					0,
				-1.87581e-15,					-0.922721,					0.385468,					0,
				-0.0162834,					0.236241,					0.299078,					1
			]
			,"mesh": 30
			,"name": "1Cell-21"		}
,
		{
			"matrix": [
				4.56752e-15,					0.385468,					0.922721,					0,
				-1,					3.49148e-15,					3.49148e-15,					0,
				-1.87581e-15,					-0.922721,					0.385468,					0,
				-0.0162834,					0.236241,					0.223078,					1
			]
			,"mesh": 31
			,"name": "1Cell-23"		}
,
		{
			"matrix": [
				4.56752e-15,					0.385468,					0.922721,					0,
				-1,					3.49148e-15,					3.49148e-15,					0,
				-1.87581e-15,					-0.922721,					0.385468,					0,
				-0.0162834,					0.236241,					0.261078,					1
			]
			,"mesh": 32
			,"name": "1Cell-22"		}
,
		{
			"matrix": [
				4.56752e-15,					0.385468,					0.922721,					0,
				-1,					3.49148e-15,					3.49148e-15,					0,
				-1.87581e-15,					-0.922721,					0.385468,					0,
				-0.0162834,					0.217241,					0.603078,					1
			]
			,"mesh": 33
			,"name": "1Cell-24"		}
,
		{
			"matrix": [
				4.56752e-15,					0.385468,					0.922721,					0,
				-1,					3.49148e-15,					3.49148e-15,					0,
				-1.87581e-15,					-0.922721,					0.385468,					0,
				-0.0162834,					0.217241,					0.527078,					1
			]
			,"mesh": 34
			,"name": "1Cell-26"		}
,
		{
			"matrix": [
				4.56752e-15,					0.385468,					0.922721,					0,
				-1,					3.49148e-15,					3.49148e-15,					0,
				-1.87581e-15,					-0.922721,					0.385468,					0,
				-0.0162834,					0.217241,					0.565078,					1
			]
			,"mesh": 35
			,"name": "1Cell-25"		}
,
		{
			"matrix": [
				4.56752e-15,					0.385468,					0.922721,					0,
				-1,					3.49148e-15,					3.49148e-15,					0,
				-1.87581e-15,					-0.922721,					0.385468,					0,
				-0.0162834,					0.236241,					0.451078,					1
			]
			,"mesh": 36
			,"name": "1Cell-17"		}
,
		{
			"matrix": [
				4.56752e-15,					0.385468,					0.922721,					0,
				-1,					3.49148e-15,					3.49148e-15,					0,
				-1.87581e-15,					-0.922721,					0.385468,					0,
				-0.0162834,					0.236241,					0.489078,					1
			]
			,"mesh": 37
			,"name": "1Cell-16"		}
,
		{
			"matrix": [
				4.56752e-15,					0.385468,					0.922721,					0,
				-1,					3.49148e-15,					3.49148e-15,					0,
				-1.87581e-15,					-0.922721,					0.385468,					0,
				-0.0162834,					0.236241,					0.375078,					1
			]
			,"mesh": 38
			,"name": "1Cell-19"		}
,
		{
			"matrix": [
				4.56752e-15,					0.385468,					0.922721,					0,
				-1,					3.49148e-15,					3.49148e-15,					0,
				-1.87581e-15,					-0.922721,					0.385468,					0,
				-0.0162834,					0.236241,					0.413078,					1
			]
			,"mesh": 39
			,"name": "1Cell-18"		}
,
		{
			"matrix": [
				4.56752e-15,					0.385468,					0.922721,					0,
				-1,					3.49148e-15,					3.49148e-15,					0,
				-1.87581e-15,					-0.922721,					0.385468,					0,
				-0.0162834,					0.255241,					0.489078,					1
			]
			,"mesh": 40
			,"name": "1Cell-5"		}
,
		{
			"matrix": [
				4.56752e-15,					0.385468,					0.922721,					0,
				-1,					3.49148e-15,					3.49148e-15,					0,
				-1.87581e-15,					-0.922721,					0.385468,					0,
				-0.0162834,					0.255241,					0.337078,					1
			]
			,"mesh": 41
			,"name": "1Cell-9"		}
,
		{
			"matrix": [
				4.56752e-15,					0.385468,					0.922721,					0,
				-1,					3.49148e-15,					3.49148e-15,					0,
				-1.87581e-15,					-0.922721,					0.385468,					0,
				-0.0162834,					0.255241,					0.451078,					1
			]
			,"mesh": 42
			,"name": "1Cell-6"		}
,
		{
			"matrix": [
				4.56752e-15,					0.385468,					0.922721,					0,
				-1,					3.49148e-15,					3.49148e-15,					0,
				-1.87581e-15,					-0.922721,					0.385468,					0,
				-0.0162834,					0.255241,					0.223078,					1
			]
			,"mesh": 43
			,"name": "1Cell-12"		}
,
		{
			"matrix": [
				4.56752e-15,					0.385468,					0.922721,					0,
				-1,					3.49148e-15,					3.49148e-15,					0,
				-1.87581e-15,					-0.922721,					0.385468,					0,
				-0.0162834,					0.255241,					0.565078,					1
			]
			,"mesh": 44
			,"name": "1Cell-3"		}
,
		{
			"matrix": [
				4.56752e-15,					0.385468,					0.922721,					0,
				-1,					3.49148e-15,					3.49148e-15,					0,
				-1.87581e-15,					-0.922721,					0.385468,					0,
				-0.0162834,					0.255241,					0.527078,					1
			]
			,"mesh": 45
			,"name": "1Cell-4"		}
,
		{
			"matrix": [
				4.56752e-15,					0.385468,					0.922721,					0,
				-1,					3.49148e-15,					3.49148e-15,					0,
				-1.87581e-15,					-0.922721,					0.385468,					0,
				-0.0162834,					0.255241,					0.413078,					1
			]
			,"mesh": 46
			,"name": "1Cell-7"		}
,
		{
			"matrix": [
				4.56752e-15,					0.385468,					0.922721,					0,
				-1,					3.49148e-15,					3.49148e-15,					0,
				-1.87581e-15,					-0.922721,					0.385468,					0,
				-0.0162834,					0.255241,					0.375078,					1
			]
			,"mesh": 47
			,"name": "1Cell-8"		}
,
		{
			"matrix": [
				4.56752e-15,					0.385468,					0.922721,					0,
				-1,					3.49148e-15,					3.49148e-15,					0,
				-1.87581e-15,					-0.922721,					0.385468,					0,
				-0.0162834,					0.255241,					0.299078,					1
			]
			,"mesh": 48
			,"name": "1Cell-10"		}
,
		{
			"matrix": [
				4.56752e-15,					0.385468,					0.922721,					0,
				-1,					3.49148e-15,					3.49148e-15,					0,
				-1.87581e-15,					-0.922721,					0.385468,					0,
				-0.0162834,					0.255241,					0.261078,					1
			]
			,"mesh": 49
			,"name": "1Cell-11"		}
,
		{
			"matrix": [
				4.56752e-15,					0.385468,					0.922721,					0,
				-1,					3.49148e-15,					3.49148e-15,					0,
				-1.87581e-15,					-0.922721,					0.385468,					0,
				-0.0162834,					0.236241,					0.603078,					1
			]
			,"mesh": 50
			,"name": "1Cell-13"		}
,
		{
			"matrix": [
				4.56752e-15,					0.385468,					0.922721,					0,
				-1,					3.49148e-15,					3.49148e-15,					0,
				-1.87581e-15,					-0.922721,					0.385468,					0,
				-0.0162834,					0.236241,					0.565078,					1
			]
			,"mesh": 51
			,"name": "1Cell-14"		}
,
		{
			"matrix": [
				4.56752e-15,					0.385468,					0.922721,					0,
				-1,					3.49148e-15,					3.49148e-15,					0,
				-1.87581e-15,					-0.922721,					0.385468,					0,
				-0.0162834,					0.236241,					0.527078,					1
			]
			,"mesh": 52
			,"name": "1Cell-15"		}
,
		{
			"matrix": [
				-9.16875e-16,					-0.840102,					0.542428,					0,
				1,					-3.38969e-15,					-3.55957e-15,					0,
				4.82906e-15,					0.542428,					0.840102,					0,
				-0.0812834,					0.255241,					0.622078,					1
			]
			,"mesh": 53
			,"name": "1Cell-1"		}
,
		{
			"matrix": [
				-3.49148e-15,					0,					-1,					0,
				1,					-3.49148e-15,					-3.49148e-15,					0,
				-3.49148e-15,					-1,					1.21904e-29,					0,
				-0.0162834,					0.257258,					0.625909,					1
			]
			,"mesh": 54
			,"name": "1short bar-1"		}
,
		{
			"matrix": [
				3.55957e-15,					-1.66533e-16,					1,					0,
				-1,					3.38969e-15,					3.55957e-15,					0,
				-3.38969e-15,					-1,					-1.66533e-16,					0,
				-0.0712834,					0.169241,					0.213078,					1
			]
			,"mesh": 55
			,"name": "1segment container-2"		}
,
		{
			"matrix": [
				-3.49148e-15,					0,					-1,					0,
				1,					-3.49148e-15,					-3.49148e-15,					0,
				-3.49148e-15,					-1,					1.21904e-29,					0,
				-0.0262834,					0.169241,					0.632078,					1
			]
			,"mesh": 56
			,"name": "1segment container-1"		}
,
		{
			"matrix": [
				4.56752e-15,					0.385468,					0.922721,					0,
				-1,					3.49148e-15,					3.49148e-15,					0,
				-1.87581e-15,					-0.922721,					0.385468,					0,
				-0.0162834,					0.255241,					0.603078,					1
			]
			,"mesh": 57
			,"name": "1Cell-2"		}
,
		{
			"matrix": [
				-3.49148e-15,					-3.49148e-15,					1,					0,
				-1,					1.21904e-29,					-3.49148e-15,					0,
				0,					-1,					-3.49148e-15,					0,
				-0.0152834,					0.259085,					0.620069,					1
			]
			,"mesh": 58
			,"name": "1long bar-22"		}
,
		{
			"matrix": [
				-3.49148e-15,					-3.49148e-15,					1,					0,
				-1,					1.21904e-29,					-3.49148e-15,					0,
				0,					-1,					-3.49148e-15,					0,
				-0.0817834,					0.257657,					0.614998,					1
			]
			,"mesh": 59
			,"name": "1short bar-106"		}
,
		{
			"matrix": [
				3.49148e-15,					-3.49148e-15,					1,					0,
				1,					6.98296e-15,					-3.49148e-15,					0,
				-6.98296e-15,					1,					3.49148e-15,					0,
				-0.0817834,					0.174927,					0.62007,					1
			]
			,"mesh": 60
			,"name": "1long bar-44"		}
,
		{
			"matrix": [
				1.18329e-29,					-3.49148e-15,					-1,					0,
				-1,					-3.49148e-15,					0,					0,
				-3.49148e-15,					1,					-3.49148e-15,					0,
				-0.0812834,					0.253248,					0.607191,					1
			]
			,"mesh": 61
			,"name": "1short bar-56"		}
,
		{
			"matrix": [
				-3.49148e-15,					0,					-1,					0,
				1,					-3.49148e-15,					-3.49148e-15,					0,
				-3.49148e-15,					-1,					1.21904e-29,					0,
				-0.0827834,					0.257411,					0.230544,					1
			]
			,"mesh": 62
			,"name": "1short bar-108"		}
,
		{
			"matrix": [
				-3.49148e-15,					-3.49148e-15,					1,					0,
				-1,					1.21904e-29,					-3.49148e-15,					0,
				0,					-1,					-3.49148e-15,					0,
				-0.0817834,					0.258411,					0.60134,					1
			]
			,"mesh": 63
			,"name": "1long bar-2"		}
,
		{
			"matrix": [
				1.18329e-29,					-3.49148e-15,					-1,					0,
				-1,					-3.49148e-15,					0,					0,
				-3.49148e-15,					1,					-3.49148e-15,					0,
				-0.0812834,					0.177248,					0.265191,					1
			]
			,"mesh": 64
			,"name": "1short bar-105"		}
,
		{
			"matrix": [
				1.18329e-29,					-3.49148e-15,					-1,					0,
				-1,					-3.49148e-15,					0,					0,
				-3.49148e-15,					1,					-3.49148e-15,					0,
				-0.0812834,					0.234248,					0.265191,					1
			]
			,"mesh": 65
			,"name": "1short bar-102"		}
,
		{
			"matrix": [
				1.18329e-29,					-3.49148e-15,					-1,					0,
				-1,					-3.49148e-15,					0,					0,
				-3.49148e-15,					1,					-3.49148e-15,					0,
				-0.0812834,					0.215248,					0.265191,					1
			]
			,"mesh": 66
			,"name": "1short bar-103"		}
,
		{
			"matrix": [
				-3.49148e-15,					-3.49148e-15,					1,					0,
				-1,					1.21904e-29,					-3.49148e-15,					0,
				0,					-1,					-3.49148e-15,					0,
				-0.0817834,					0.258411,					0.58234,					1
			]
			,"mesh": 67
			,"name": "1long bar-3"		}
,
		{
			"matrix": [
				1.18329e-29,					-3.49148e-15,					-1,					0,
				-1,					-3.49148e-15,					0,					0,
				-3.49148e-15,					1,					-3.49148e-15,					0,
				-0.0812834,					0.234248,					0.303191,					1
			]
			,"mesh": 68
			,"name": "1short bar-97"		}
,
		{
			"matrix": [
				1.18329e-29,					-3.49148e-15,					-1,					0,
				-1,					-3.49148e-15,					0,					0,
				-3.49148e-15,					1,					-3.49148e-15,					0,
				-0.0812834,					0.253248,					0.265191,					1
			]
			,"mesh": 69
			,"name": "1short bar-101"		}
,
		{
			"matrix": [
				1.18329e-29,					-3.49148e-15,					-1,					0,
				-1,					-3.49148e-15,					0,					0,
				-3.49148e-15,					1,					-3.49148e-15,					0,
				-0.0812834,					0.196248,					0.265191,					1
			]
			,"mesh": 70
			,"name": "1short bar-104"		}
,
		{
			"matrix": [
				-3.49148e-15,					-3.49148e-15,					1,					0,
				-1,					1.21904e-29,					-3.49148e-15,					0,
				0,					-1,					-3.49148e-15,					0,
				-0.0817834,					0.258411,					0.54434,					1
			]
			,"mesh": 71
			,"name": "1long bar-5"		}
,
		{
			"matrix": [
				1.18329e-29,					-3.49148e-15,					-1,					0,
				-1,					-3.49148e-15,					0,					0,
				-3.49148e-15,					1,					-3.49148e-15,					0,
				-0.0812834,					0.177248,					0.303191,					1
			]
			,"mesh": 72
			,"name": "1short bar-100"		}
,
		{
			"matrix": [
				1.18329e-29,					-3.49148e-15,					-1,					0,
				-1,					-3.49148e-15,					0,					0,
				-3.49148e-15,					1,					-3.49148e-15,					0,
				-0.0812834,					0.196248,					0.303191,					1
			]
			,"mesh": 73
			,"name": "1short bar-99"		}
,
		{
			"matrix": [
				1.18329e-29,					-3.49148e-15,					-1,					0,
				-1,					-3.49148e-15,					0,					0,
				-3.49148e-15,					1,					-3.49148e-15,					0,
				-0.0812834,					0.215248,					0.303191,					1
			]
			,"mesh": 74
			,"name": "1short bar-98"		}
,
		{
			"matrix": [
				-3.49148e-15,					-3.49148e-15,					1,					0,
				-1,					1.21904e-29,					-3.49148e-15,					0,
				0,					-1,					-3.49148e-15,					0,
				-0.0817834,					0.258411,					0.48734,					1
			]
			,"mesh": 75
			,"name": "1long bar-8"		}
,
		{
			"matrix": [
				-3.49148e-15,					-3.49148e-15,					1,					0,
				-1,					1.21904e-29,					-3.49148e-15,					0,
				0,					-1,					-3.49148e-15,					0,
				-0.0817834,					0.258411,					0.52534,					1
			]
			,"mesh": 76
			,"name": "1long bar-6"		}
,
		{
			"matrix": [
				-3.49148e-15,					-3.49148e-15,					1,					0,
				-1,					1.21904e-29,					-3.49148e-15,					0,
				0,					-1,					-3.49148e-15,					0,
				-0.0817834,					0.258411,					0.41134,					1
			]
			,"mesh": 77
			,"name": "1long bar-12"		}
,
		{
			"matrix": [
				-3.49148e-15,					-3.49148e-15,					1,					0,
				-1,					1.21904e-29,					-3.49148e-15,					0,
				0,					-1,					-3.49148e-15,					0,
				-0.0817834,					0.258411,					0.29734,					1
			]
			,"mesh": 78
			,"name": "1long bar-18"		}
,
		{
			"matrix": [
				-3.49148e-15,					-3.49148e-15,					1,					0,
				-1,					1.21904e-29,					-3.49148e-15,					0,
				0,					-1,					-3.49148e-15,					0,
				-0.0817834,					0.258411,					0.37334,					1
			]
			,"mesh": 79
			,"name": "1long bar-14"		}
,
		{
			"matrix": [
				-3.49148e-15,					-3.49148e-15,					1,					0,
				-1,					1.21904e-29,					-3.49148e-15,					0,
				0,					-1,					-3.49148e-15,					0,
				-0.0817834,					0.258411,					0.56334,					1
			]
			,"mesh": 80
			,"name": "1long bar-4"		}
,
		{
			"matrix": [
				-3.49148e-15,					-3.49148e-15,					1,					0,
				-1,					1.21904e-29,					-3.49148e-15,					0,
				0,					-1,					-3.49148e-15,					0,
				-0.0817834,					0.258411,					0.44934,					1
			]
			,"mesh": 81
			,"name": "1long bar-10"		}
,
		{
			"matrix": [
				-3.49148e-15,					-3.49148e-15,					1,					0,
				-1,					1.21904e-29,					-3.49148e-15,					0,
				0,					-1,					-3.49148e-15,					0,
				-0.0817834,					0.258411,					0.39234,					1
			]
			,"mesh": 82
			,"name": "1long bar-13"		}
,
		{
			"matrix": [
				-3.49148e-15,					-3.49148e-15,					1,					0,
				-1,					1.21904e-29,					-3.49148e-15,					0,
				0,					-1,					-3.49148e-15,					0,
				-0.0817834,					0.258411,					0.50634,					1
			]
			,"mesh": 83
			,"name": "1long bar-7"		}
,
		{
			"matrix": [
				-3.49148e-15,					-3.49148e-15,					1,					0,
				-1,					1.21904e-29,					-3.49148e-15,					0,
				0,					-1,					-3.49148e-15,					0,
				-0.0817834,					0.258411,					0.35434,					1
			]
			,"mesh": 84
			,"name": "1long bar-15"		}
,
		{
			"matrix": [
				-3.49148e-15,					-3.49148e-15,					1,					0,
				-1,					1.21904e-29,					-3.49148e-15,					0,
				0,					-1,					-3.49148e-15,					0,
				-0.0817834,					0.258411,					0.33534,					1
			]
			,"mesh": 85
			,"name": "1long bar-16"		}
,
		{
			"matrix": [
				-3.49148e-15,					-3.49148e-15,					1,					0,
				-1,					1.21904e-29,					-3.49148e-15,					0,
				0,					-1,					-3.49148e-15,					0,
				-0.0817834,					0.258411,					0.43034,					1
			]
			,"mesh": 86
			,"name": "1long bar-11"		}
,
		{
			"matrix": [
				-3.49148e-15,					-3.49148e-15,					1,					0,
				-1,					1.21904e-29,					-3.49148e-15,					0,
				0,					-1,					-3.49148e-15,					0,
				-0.0817834,					0.258411,					0.46834,					1
			]
			,"mesh": 87
			,"name": "1long bar-9"		}
,
		{
			"matrix": [
				-3.49148e-15,					-3.49148e-15,					1,					0,
				-1,					1.21904e-29,					-3.49148e-15,					0,
				0,					-1,					-3.49148e-15,					0,
				-0.0817834,					0.258411,					0.31634,					1
			]
			,"mesh": 88
			,"name": "1long bar-17"		}
,
		{
			"matrix": [
				-3.49148e-15,					-3.49148e-15,					1,					0,
				-1,					1.21904e-29,					-3.49148e-15,					0,
				0,					-1,					-3.49148e-15,					0,
				-0.0152834,					0.259085,					0.582069,					1
			]
			,"mesh": 89
			,"name": "1long bar-24"		}
,
		{
			"matrix": [
				-3.49148e-15,					-3.49148e-15,					1,					0,
				-1,					1.21904e-29,					-3.49148e-15,					0,
				0,					-1,					-3.49148e-15,					0,
				-0.0152834,					0.259085,					0.563069,					1
			]
			,"mesh": 90
			,"name": "1long bar-25"		}
,
		{
			"matrix": [
				-3.49148e-15,					-3.49148e-15,					1,					0,
				-1,					1.21904e-29,					-3.49148e-15,					0,
				0,					-1,					-3.49148e-15,					0,
				-0.0152834,					0.259085,					0.525069,					1
			]
			,"mesh": 91
			,"name": "1long bar-27"		}
,
		{
			"matrix": [
				-3.49148e-15,					-3.49148e-15,					1,					0,
				-1,					1.21904e-29,					-3.49148e-15,					0,
				0,					-1,					-3.49148e-15,					0,
				-0.0152834,					0.259085,					0.449069,					1
			]
			,"mesh": 92
			,"name": "1long bar-31"		}
,
		{
			"matrix": [
				-3.49148e-15,					-3.49148e-15,					1,					0,
				-1,					1.21904e-29,					-3.49148e-15,					0,
				0,					-1,					-3.49148e-15,					0,
				-0.0152834,					0.259085,					0.430069,					1
			]
			,"mesh": 93
			,"name": "1long bar-32"		}
,
		{
			"matrix": [
				-3.49148e-15,					-3.49148e-15,					1,					0,
				-1,					1.21904e-29,					-3.49148e-15,					0,
				0,					-1,					-3.49148e-15,					0,
				-0.0817834,					0.258411,					0.24034,					1
			]
			,"mesh": 94
			,"name": "1long bar-21"		}
,
		{
			"matrix": [
				-3.49148e-15,					-3.49148e-15,					1,					0,
				-1,					1.21904e-29,					-3.49148e-15,					0,
				0,					-1,					-3.49148e-15,					0,
				-0.0152834,					0.259085,					0.601069,					1
			]
			,"mesh": 95
			,"name": "1long bar-23"		}
,
		{
			"matrix": [
				-3.49148e-15,					-3.49148e-15,					1,					0,
				-1,					1.21904e-29,					-3.49148e-15,					0,
				0,					-1,					-3.49148e-15,					0,
				-0.0152834,					0.259085,					0.335069,					1
			]
			,"mesh": 96
			,"name": "1long bar-37"		}
,
		{
			"matrix": [
				-3.49148e-15,					-3.49148e-15,					1,					0,
				-1,					1.21904e-29,					-3.49148e-15,					0,
				0,					-1,					-3.49148e-15,					0,
				-0.0152834,					0.259085,					0.506069,					1
			]
			,"mesh": 97
			,"name": "1long bar-28"		}
,
		{
			"matrix": [
				-3.49148e-15,					-3.49148e-15,					1,					0,
				-1,					1.21904e-29,					-3.49148e-15,					0,
				0,					-1,					-3.49148e-15,					0,
				-0.0817834,					0.258411,					0.27834,					1
			]
			,"mesh": 98
			,"name": "1long bar-19"		}
,
		{
			"matrix": [
				-3.49148e-15,					-3.49148e-15,					1,					0,
				-1,					1.21904e-29,					-3.49148e-15,					0,
				0,					-1,					-3.49148e-15,					0,
				-0.0817834,					0.258411,					0.25934,					1
			]
			,"mesh": 99
			,"name": "1long bar-20"		}
,
		{
			"matrix": [
				-3.49148e-15,					-3.49148e-15,					1,					0,
				-1,					1.21904e-29,					-3.49148e-15,					0,
				0,					-1,					-3.49148e-15,					0,
				-0.0152834,					0.259085,					0.487069,					1
			]
			,"mesh": 100
			,"name": "1long bar-29"		}
,
		{
			"matrix": [
				-3.49148e-15,					-3.49148e-15,					1,					0,
				-1,					1.21904e-29,					-3.49148e-15,					0,
				0,					-1,					-3.49148e-15,					0,
				-0.0152834,					0.259085,					0.544069,					1
			]
			,"mesh": 101
			,"name": "1long bar-26"		}
,
		{
			"matrix": [
				-3.49148e-15,					-3.49148e-15,					1,					0,
				-1,					1.21904e-29,					-3.49148e-15,					0,
				0,					-1,					-3.49148e-15,					0,
				-0.0152834,					0.259085,					0.468069,					1
			]
			,"mesh": 102
			,"name": "1long bar-30"		}
,
		{
			"matrix": [
				-3.49148e-15,					-3.49148e-15,					1,					0,
				-1,					1.21904e-29,					-3.49148e-15,					0,
				0,					-1,					-3.49148e-15,					0,
				-0.0152834,					0.259085,					0.392069,					1
			]
			,"mesh": 103
			,"name": "1long bar-34"		}
,
		{
			"matrix": [
				-3.49148e-15,					-3.49148e-15,					1,					0,
				-1,					1.21904e-29,					-3.49148e-15,					0,
				0,					-1,					-3.49148e-15,					0,
				-0.0152834,					0.259085,					0.411069,					1
			]
			,"mesh": 104
			,"name": "1long bar-33"		}
,
		{
			"matrix": [
				-3.49148e-15,					-3.49148e-15,					1,					0,
				-1,					1.21904e-29,					-3.49148e-15,					0,
				0,					-1,					-3.49148e-15,					0,
				-0.0152834,					0.259085,					0.373069,					1
			]
			,"mesh": 105
			,"name": "1long bar-35"		}
,
		{
			"matrix": [
				-3.49148e-15,					-3.49148e-15,					1,					0,
				-1,					1.21904e-29,					-3.49148e-15,					0,
				0,					-1,					-3.49148e-15,					0,
				-0.0152834,					0.259085,					0.354069,					1
			]
			,"mesh": 106
			,"name": "1long bar-36"		}
,
		{
			"matrix": [
				-3.49148e-15,					-3.49148e-15,					1,					0,
				-1,					1.21904e-29,					-3.49148e-15,					0,
				0,					-1,					-3.49148e-15,					0,
				-0.0152834,					0.259085,					0.316069,					1
			]
			,"mesh": 107
			,"name": "1long bar-38"		}
,
		{
			"matrix": [
				-3.49148e-15,					-3.49148e-15,					1,					0,
				-1,					1.21904e-29,					-3.49148e-15,					0,
				0,					-1,					-3.49148e-15,					0,
				-0.0152834,					0.259085,					0.259069,					1
			]
			,"mesh": 108
			,"name": "1long bar-41"		}
,
		{
			"matrix": [
				-3.49148e-15,					-3.49148e-15,					1,					0,
				-1,					1.21904e-29,					-3.49148e-15,					0,
				0,					-1,					-3.49148e-15,					0,
				-0.0152834,					0.259085,					0.278069,					1
			]
			,"mesh": 109
			,"name": "1long bar-40"		}
,
		{
			"matrix": [
				-3.49148e-15,					-3.49148e-15,					1,					0,
				-1,					1.21904e-29,					-3.49148e-15,					0,
				0,					-1,					-3.49148e-15,					0,
				-0.0152834,					0.259085,					0.297069,					1
			]
			,"mesh": 110
			,"name": "1long bar-39"		}
,
		{
			"matrix": [
				-3.49148e-15,					-3.49148e-15,					1,					0,
				-1,					1.21904e-29,					-3.49148e-15,					0,
				0,					-1,					-3.49148e-15,					0,
				-0.0152834,					0.259085,					0.221069,					1
			]
			,"mesh": 111
			,"name": "1long bar-43"		}
,
		{
			"matrix": [
				-3.49148e-15,					-3.49148e-15,					1,					0,
				-1,					1.21904e-29,					-3.49148e-15,					0,
				0,					-1,					-3.49148e-15,					0,
				-0.0152834,					0.259085,					0.240069,					1
			]
			,"mesh": 112
			,"name": "1long bar-42"		}
,
		{
			"matrix": [
				-3.49148e-15,					-3.49148e-15,					1,					0,
				-1,					1.21904e-29,					-3.49148e-15,					0,
				0,					-1,					-3.49148e-15,					0,
				-0.0817834,					0.258411,					0.22134,					1
			]
			,"mesh": 113
			,"name": "1long bar-45"		}
,
		{
			"matrix": [
				4.56752e-15,					0.385468,					0.922721,					0,
				-1,					3.49148e-15,					3.49148e-15,					0,
				-1.87581e-15,					-0.922721,					0.385468,					0,
				-0.0162834,					0.217241,					0.261078,					1
			]
			,"mesh": 114
			,"name": "1Cell-33"		}
,
		{
			"matrix": [
				4.56752e-15,					0.385468,					0.922721,					0,
				-1,					3.49148e-15,					3.49148e-15,					0,
				-1.87581e-15,					-0.922721,					0.385468,					0,
				-0.0162834,					0.198241,					0.603078,					1
			]
			,"mesh": 115
			,"name": "1Cell-35"		}
,
		{
			"matrix": [
				4.56752e-15,					0.385468,					0.922721,					0,
				-1,					3.49148e-15,					3.49148e-15,					0,
				-1.87581e-15,					-0.922721,					0.385468,					0,
				-0.0162834,					0.217241,					0.299078,					1
			]
			,"mesh": 116
			,"name": "1Cell-32"		}
,
		{
			"matrix": [
				4.56752e-15,					0.385468,					0.922721,					0,
				-1,					3.49148e-15,					3.49148e-15,					0,
				-1.87581e-15,					-0.922721,					0.385468,					0,
				-0.0162834,					0.217241,					0.413078,					1
			]
			,"mesh": 117
			,"name": "1Cell-29"		}
,
		{
			"matrix": [
				4.56752e-15,					0.385468,					0.922721,					0,
				-1,					3.49148e-15,					3.49148e-15,					0,
				-1.87581e-15,					-0.922721,					0.385468,					0,
				-0.0162834,					0.217241,					0.489078,					1
			]
			,"mesh": 118
			,"name": "1Cell-27"		}
,
		{
			"matrix": [
				4.56752e-15,					0.385468,					0.922721,					0,
				-1,					3.49148e-15,					3.49148e-15,					0,
				-1.87581e-15,					-0.922721,					0.385468,					0,
				-0.0162834,					0.217241,					0.451078,					1
			]
			,"mesh": 119
			,"name": "1Cell-28"		}
,
		{
			"matrix": [
				4.56752e-15,					0.385468,					0.922721,					0,
				-1,					3.49148e-15,					3.49148e-15,					0,
				-1.87581e-15,					-0.922721,					0.385468,					0,
				-0.0162834,					0.217241,					0.337078,					1
			]
			,"mesh": 120
			,"name": "1Cell-31"		}
,
		{
			"matrix": [
				4.56752e-15,					0.385468,					0.922721,					0,
				-1,					3.49148e-15,					3.49148e-15,					0,
				-1.87581e-15,					-0.922721,					0.385468,					0,
				-0.0162834,					0.198241,					0.375078,					1
			]
			,"mesh": 121
			,"name": "1Cell-41"		}
,
		{
			"matrix": [
				4.56752e-15,					0.385468,					0.922721,					0,
				-1,					3.49148e-15,					3.49148e-15,					0,
				-1.87581e-15,					-0.922721,					0.385468,					0,
				-0.0162834,					0.198241,					0.223078,					1
			]
			,"mesh": 122
			,"name": "1Cell-45"		}
,
		{
			"matrix": [
				4.56752e-15,					0.385468,					0.922721,					0,
				-1,					3.49148e-15,					3.49148e-15,					0,
				-1.87581e-15,					-0.922721,					0.385468,					0,
				-0.0162834,					0.217241,					0.375078,					1
			]
			,"mesh": 123
			,"name": "1Cell-30"		}
,
		{
			"matrix": [
				4.56752e-15,					0.385468,					0.922721,					0,
				-1,					3.49148e-15,					3.49148e-15,					0,
