{
	"asset": {
		"generator": "SOLIDWORKSGLTF",
		"version" : "2.0"
	},
"extensionsUsed": [ "KHR_lights_punctual", "Solidworks_custom_properties", "KHR_draco_mesh_compression"],
"extensionsRequired": [ "KHR_draco_mesh_compression" ],
	"scene" : 0,
	"scenes": [
		{
			"name": "default - Display State-1",
			"nodes": [
				0, 1]
		}
	],
	"nodes": [
		{
			"matrix": [
				-0.0107156,					0.117466,					-0.993019,					0,
				-0.414298,					0.903307,					0.111324,					0,
				0.910078,					0.412599,					0.0389863,					0,
				35.8152,					16.7785,					1.27508,					1
			]
			,"camera": 0
			,"name": "current"		}
,
		{
			"children": [
				2, 5, 6, 9, 1771, 1772, 2170, 2181, 2182, 2183, 2184, 2185, 2186
			]
			,"name": "Full assembly"		}
,
		{
			"children": [
				3, 4
			]
			,"matrix": [
				-1,					2.27444e-21,					1.04361e-14,					0,
				2.27444e-21,					1,					-3.19986e-21,					0,
				-1.04361e-14,					-3.19986e-21,					-1,					0,
				-0.194124,					0.202331,					-0.295752,					1
			]
			,"name": "acc bracket 27-04-24-2"		}
,
		{
			"matrix": [
				1,					0,					0,					0,
				0,					1,					0,					0,
				0,					0,					1,					0,
				-0.00376198,					-0.00333125,					0.00424835,					1
			]
			,"mesh": 0
			,"name": "Top long side 27-04-24-1"		}
,
		{
			"matrix": [
				1,					0,					0,					0,
				0,					1,					0,					0,
				0,					0,					1,					0,
				-0.00376198,					-0.00333125,					0.00424835,					1
			]
			,"mesh": 1
			,"name": "Top short side 27-04-24-1"		}
,
		{
			"matrix": [
				-3.49148e-15,					0,					-1,					0,
				0,					1,					0,					0,
				1,					0,					-3.49148e-15,					0,
				-0.510712,					0.1,					0.082,					1
			]
			,"mesh": 2
			,"name": "Acc rear mount-1"		}
,
		{
			"children": [
				7, 8
			]
			,"matrix": [
				1,					0,					0,					0,
				0,					1,					0,					0,
				0,					0,					1,					0,
				-0.1866,					0.202331,					0.295752,					1
			]
			,"name": "acc bracket 27-04-24-1"		}
,
		{
			"matrix": [
				1,					0,					0,					0,
				0,					1,					0,					0,
				0,					0,					1,					0,
				-0.00376198,					-0.00333125,					0.00424835,					1
			]
			,"mesh": 3
			,"name": "Top long side 27-04-24-1"		}
,
		{
			"matrix": [
				1,					0,					0,					0,
				0,					1,					0,					0,
				0,					0,					1,					0,
				-0.00376198,					-0.00333125,					0.00424835,					1
			]
			,"mesh": 4
			,"name": "Top short side 27-04-24-1"		}
,
		{
			"children": [
				10, 11, 12, 13, 17, 18, 1755, 1756, 1757, 1758, 1759, 1760, 1761, 1764, 1765, 1766, 1769, 1770
			]
			,"name": "Chassis assem-1"		}
,
		{
			"mesh": 5
			,"name": "m5ada 3shan percy yrta7-1"		}
,
		{
			"mesh": 6
			,"name": "floor panels-1"		}
,
		{
			"mesh": 7
			,"name": "seat 3shan percy bardo-1"		}
,
		{
			"children": [
				14, 15, 16
			]
			,"name": "chassis assem final-1"		}
,
		{
			"name": "damping geo 1-4-24-1"		}
,
		{
			"mesh": 8
			,"name": "firewall-1"		}
,
		{
			"mesh": 9
			,"name": "chassis profile final isa-1"		}
,
		{
			"mesh": 10
			,"name": "head strain-1"		}
,
		{
			"children": [
				19, 27, 39, 40, 41, 42, 43, 44, 52, 53, 54, 55, 56, 57, 58, 59, 60, 1651, 1652
			]
			,"name": "Drivetrain 24-04-24-1"		}
,
		{
			"children": [
				20, 21, 22, 23, 24, 25, 26
			]
			,"matrix": [
				1.05756e-14,					2.5509e-17,					1,					0,
				-0.991648,					0.128973,					1.05201e-14,					0,
				-0.128973,					-0.991648,					1.38451e-15,					0,
				-0.767592,					0.265019,					-0.137905,					1
			]
			,"name": "Tripod+ roller assembly-1"		}
,
		{
			"matrix": [
				0.453822,					-2.0786e-16,					-0.891092,					0,
				-0.891092,					-1.31802e-16,					-0.453822,					0,
				-2.31166e-17,					1,					-2.45037e-16,					0,
				-2.77556e-17,					0.024765,					0,					1
			]
			,"mesh": 11
			,"name": "Tripod retainer-4"		}
,
		{
			"matrix": [
				-2.76952e-17,					0.5,					0.866025,					0,
				0.11367,					-0.860412,					0.496759,					0,
				0.993519,					0.0984411,					-0.056835,					0,
				0,					-0.0123825,					-0.0214471,					1
			]
			,"mesh": 12
			,"name": "FSAE ROLLER 2451-4"		}
,
		{
			"mesh": 13
			,"name": "FSAE TRIPOD-2"		}
,
		{
			"matrix": [
				0.999982,					0.00523821,					0.00302428,					0,
				-0.00604857,					0.86601,					0.499991,					0,
				7.37377e-18,					-0.5,					0.866025,					0,
				-2.77556e-17,					-0.0123825,					0.0214471,					1
			]
			,"mesh": 14
			,"name": "Tripod retainer-1"		}
,
		{
			"matrix": [
				0.947639,					0.27656,					-0.159672,					0,
				0.319344,					-0.820679,					0.473819,					0,
				2.77556e-17,					-0.5,					-0.866025,					0,
				0,					-0.0123825,					-0.0214471,					1
			]
			,"mesh": 15
			,"name": "Tripod retainer-2"		}
,
		{
			"matrix": [
				2.16876e-17,					0.5,					-0.866025,					0,
				-0.5,					0.75,					0.433013,					0,
				0.866025,					0.433013,					0.25,					0,
				-2.77556e-17,					-0.0123825,					0.0214471,					1
			]
			,"mesh": 16
			,"name": "FSAE ROLLER 2451-1"		}
,
		{
			"matrix": [
				-3.61142e-17,					-1,					-2.77556e-16,					0,
				-0.868547,					1.68925e-16,					-0.495606,					0,
				0.495606,					2.23172e-16,					-0.868547,					0,
				-2.77556e-17,					0.024765,					0,					1
			]
			,"mesh": 17
			,"name": "FSAE ROLLER 2451-2"		}
,
		{
			"children": [
				28
			]
			,"matrix": [
				1.05279e-14,					3.13951e-16,					1,					0,
				-0.527264,					0.849702,					5.2842e-15,					0,
				-0.849702,					-0.527264,					9.11109e-15,					0,
				-0.537592,					0.198,					-0.0256,					1
			]
			,"name": "228_lc_resolver-1"		}
,
		{
			"children": [
				29, 30, 31, 32, 33, 34, 35, 36, 37, 38
			]
			,"name": "228_lc_resolver.step-1"		}
,
		{
			"matrix": [
				-1,					9.00879e-27,					-2.54013e-27,					0,
				4.97022e-27,					0.281117,					-0.959673,					0,
				-7.93142e-27,					-0.959673,					-0.281117,					0,
				0.0855,					-0.0195,					-0.033775,					1
			]
			,"mesh": 18
			,"name": "socket head cap screw_din_DIN 912 M8 x 20 --- 20N.step-1"		}
,
		{
			"mesh": 19
			,"name": "228_A01.step-1"		}
,
		{
			"matrix": [
				-1,					9.00879e-27,					-2.54013e-27,					0,
				-7.88861e-31,					-0.381849,					0.924225,					0,
				0,					0.924225,					0.381849,					0,
				0.0855,					-0.039,					0,					1
			]
			,"mesh": 20
			,"name": "socket head cap screw_din_DIN 912 M8 x 20 --- 20N.step-4"		}
,
		{
			"matrix": [
				-1,					9.00879e-27,					-2.54013e-27,					0,
				0,					0.752129,					-0.659015,					0,
				0,					-0.659015,					-0.752129,					0,
				0.0855,					0.0298757,					-0.0250687,					1
			]
			,"mesh": 21
			,"name": "socket head cap screw_din_DIN 912 M8 x 20 --- 20N.step-6"		}
,
		{
			"name": "228_dodatki.step-1"		}
,
		{
			"matrix": [
				-1,					9.00879e-27,					-2.54013e-27,					0,
				-7.88861e-31,					-0.381849,					0.924225,					0,
				0,					0.924225,					0.381849,					0,
				0.0855,					0.0298757,					0.0250687,					1
			]
			,"mesh": 22
			,"name": "socket head cap screw_din_DIN 912 M8 x 20 --- 20N.step-2"		}
,
		{
			"matrix": [
				-1,					9.00879e-27,					-2.54013e-27,					0,
				0,					-0.523557,					0.85199,					0,
				-1.57772e-30,					0.85199,					0.523557,					0,
				0.0855,					0.00677228,					0.0384075,					1
			]
			,"mesh": 23
			,"name": "socket head cap screw_din_DIN 912 M8 x 20 --- 20N.step-7"		}
,
		{
			"matrix": [
				-1,					9.00879e-27,					-2.54013e-27,					0,
				-7.88861e-31,					-0.381849,					0.924225,					0,
				0,					0.924225,					0.381849,					0,
				0.0855,					-0.0195,					0.033775,					1
			]
			,"mesh": 24
			,"name": "socket head cap screw_din_DIN 912 M8 x 20 --- 20N.step-5"		}
,
		{
			"matrix": [
				-1,					9.00879e-27,					-2.54013e-27,					0,
				-7.88861e-31,					-0.381849,					0.924225,					0,
				0,					0.924225,					0.381849,					0,
				0.0855,					0.039,					-5.55112e-17,					1
			]
			,"mesh": 25
			,"name": "socket head cap screw_din_DIN 912 M8 x 20 --- 20N.step-3"		}
,
		{
			"matrix": [
				-1,					9.00879e-27,					-2.54013e-27,					0,
				-7.63277e-27,					-0.627782,					0.77839,					0,
				5.4177e-27,					0.77839,					0.627782,					0,
				0.0855,					0.00677228,					-0.0384075,					1
			]
			,"mesh": 26
			,"name": "socket head cap screw_din_DIN 912 M8 x 20 --- 20N.step-8"		}
,
		{
			"matrix": [
				4.07674e-17,					-1,					1.11663e-16,					0,
				1,					8.67633e-17,					3.34802e-16,					0,
				-3.6169e-16,					9.11504e-17,					1,					0,
				-0.767592,					0.265019,					-1.01886e-14,					1
			]
			,"mesh": 27
			,"name": "#2LSD-1"		}
,
		{
			"matrix": [
				-0.993068,					0.117537,					-2.25237e-16,					0,
				-0.117537,					-0.993068,					-1.38493e-17,					0,
				-2.25303e-16,					1.27204e-17,					1,					0,
				-0.767592,					0.265019,					0.01455,					1
			]
			,"mesh": 28
			,"name": "D4824-2"		}
,
		{
			"matrix": [
				-1.02255e-14,					2.59826e-17,					-1,					0,
				-0.97996,					-0.199193,					1.00154e-14,					0,
				-0.199193,					0.97996,					2.06231e-15,					0,
				-0.767592,					0.265019,					0.557704,					1
			]
			,"mesh": 29
			,"name": "D5159 17 inch-2"		}
,
		{
			"matrix": [
				0.133121,					0.9911,					3.49113e-17,					0,
				0.9911,					-0.133121,					3.56486e-16,					0,
				3.5796e-16,					-1.28553e-17,					-1,					0,
				-0.767592,					0.265019,					-0.01455,					1
			]
			,"mesh": 30
			,"name": "D4824-1"		}
,
		{
			"matrix": [
				-1.04813e-14,					-3.41135e-18,					-1,					0,
				-0.687217,					-0.726452,					7.20448e-15,					0,
				-0.726452,					0.687217,					7.61124e-15,					0,
				-0.767592,					0.265019,					-0.125904,					1
			]
			,"mesh": 31
			,"name": "D5159 17 inch-1"		}
,
		{
			"children": [
				45, 46, 47, 48, 49, 50, 51
			]
			,"matrix": [
				1.01151e-14,					-2.31127e-17,					1,					0,
				0.113381,					0.993552,					-1.1239e-15,					0,
				-0.993552,					0.113381,					1.00525e-14,					0,
				-0.767592,					0.265019,					0.137905,					1
			]
			,"name": "Tripod+ roller assembly-4"		}
,
		{
			"matrix": [
				0.453822,					-2.43265e-17,					-0.891092,					0,
				-0.891092,					2.29524e-18,					-0.453822,					0,
				1.30852e-17,					1,					-2.06355e-17,					0,
				0,					0.024765,					0,					1
			]
			,"mesh": 32
			,"name": "Tripod retainer-4"		}
,
		{
			"matrix": [
				-4.16334e-17,					0.5,					0.866025,					0,
				0.11367,					-0.860412,					0.496759,					0,
				0.993519,					0.0984411,					-0.056835,					0,
				0,					-0.0123825,					-0.0214471,					1
			]
			,"mesh": 33
			,"name": "FSAE ROLLER 2451-4"		}
,
		{
			"mesh": 34
			,"name": "FSAE TRIPOD-2"		}
,
		{
			"matrix": [
				0.999982,					0.00523821,					0.00302428,					0,
				-0.00604857,					0.86601,					0.499991,					0,
				7.37258e-18,					-0.5,					0.866025,					0,
				0,					-0.0123825,					0.0214471,					1
			]
			,"mesh": 35
			,"name": "Tripod retainer-1"		}
,
		{
			"matrix": [
				0.947639,					0.27656,					-0.159672,					0,
				0.319344,					-0.820679,					0.473819,					0,
				2.77556e-17,					-0.5,					-0.866025,					0,
				0,					-0.0123825,					-0.0214471,					1
			]
			,"mesh": 36
			,"name": "Tripod retainer-2"		}
,
		{
			"matrix": [
				-4.88452e-19,					0.5,					-0.866025,					0,
				-0.5,					0.75,					0.433013,					0,
				0.866025,					0.433013,					0.25,					0,
				0,					-0.0123825,					0.0214471,					1
			]
			,"mesh": 37
			,"name": "FSAE ROLLER 2451-1"		}
,
		{
			"matrix": [
				1.27822e-24,					-1,					-5.55112e-17,					0,
				-0.868547,					2.5529e-17,					-0.495606,					0,
				0.495606,					5.36121e-17,					-0.868547,					0,
				0,					0.024765,					0,					1
			]
			,"mesh": 38
			,"name": "FSAE ROLLER 2451-2"		}
,
		{
			"matrix": [
				1,					0,					0,					0,
				0,					1,					0,					0,
				0,					0,					1,					0,
				-0.545144,					0.14347,					0.16823,					1
			]
			,"mesh": 39
			,"name": "box azad-1"		}
,
		{
			"name": "chassis profile final isa-1"		}
,
		{
			"matrix": [
				0.849667,					0.52732,					-8.89979e-15,					0,
				-0.52732,					0.849667,					5.52338e-15,					0,
				1.04744e-14,					-1.57772e-30,					1,					0,
				-0.537592,					0.198,					0.0424,					1
			]
			,"mesh": 40
			,"name": "motor mount v1-1"		}
,
		{
			"matrix": [
				1,					0,					0,					0,
				0,					1,					0,					0,
				0,					0,					1,					0,
				-0.767592,					0.265019,					0.0771,					1
			]
			,"mesh": 41
			,"name": "diff mounts-1"		}
,
		{
			"matrix": [
				1,					0,					0,					0,
				0,					1,					0,					0,
				0,					0,					1,					0,
				-0.767592,					0.265019,					-0.0709,					1
			]
			,"mesh": 42
			,"name": "diff mounts-2"		}
,
		{
			"matrix": [
				0.849667,					0.52732,					7.54307e-25,					0,
				-0.52732,					0.849667,					-9.52157e-26,					0,
				-6.91119e-25,					-3.1686e-25,					1,					0,
				-0.537592,					0.198,					-0.1921,					1
			]
			,"mesh": 43
			,"name": "axle mount-1"		}
,
		{
			"matrix": [
				0.971101,					-0.23867,					-1.61806e-16,					0,
				0.23867,					0.971101,					2.22132e-16,					0,
				1.04113e-16,					-2.54331e-16,					1,					0,
				-0.537592,					0.198,					-0.1921,					1
			]
			,"mesh": 44
			,"name": "Motor_Shaft-1"		}
,
		{
			"matrix": [
				0.998362,					-0.0572125,					0,					0,
				0.0572125,					0.998362,					0,					0,
				0,					0,					1,					0,
				-0.767592,					0.265019,					-0.107544,					1
			]
			,"mesh": 45
			,"name": "40_Sprocket-1"		}
,
		{
			"children": [
				61, 62, 63, 64, 65, 66, 67, 68, 69, 70, 71, 72, 73, 74, 75, 76, 77, 78, 79, 80, 81, 82, 83, 84, 85, 224, 225, 226, 227, 228, 229, 230, 231, 232, 233, 234, 373, 512, 513, 652, 653, 792, 931, 1070, 1209, 1348, 1349, 1350, 1351, 1352, 1353, 1354, 1355, 1356, 1357, 1358, 1359, 1360, 1361, 1362, 1363, 1364, 1365, 1366, 1367, 1368, 1369, 1370, 1371, 1372, 1373, 1374, 1375, 1376, 1377, 1378, 1379, 1380, 1381, 1382, 1383, 1384, 1385, 1386, 1387, 1388, 1389, 1392, 1393, 1394, 1395, 1396, 1397, 1536, 1537, 1538, 1539, 1542, 1543, 1544, 1545, 1546, 1547, 1548, 1549, 1550, 1551, 1552, 1553, 1554, 1555, 1556, 1557, 1558, 1559, 1560, 1561, 1562, 1563, 1564, 1565, 1566, 1567, 1568, 1569, 1570, 1571, 1572, 1573, 1574, 1575, 1578, 1581, 1582, 1583, 1584, 1585, 1586, 1587, 1588, 1589, 1590, 1591, 1592, 1593, 1594, 1595, 1596, 1597, 1598, 1599, 1600, 1601, 1602, 1603, 1604, 1605, 1606, 1607, 1608, 1609, 1610, 1611, 1612, 1613, 1614, 1615, 1616, 1617, 1618, 1619, 1620, 1621, 1622, 1623, 1624, 1625, 1626, 1627, 1628, 1629, 1630, 1631, 1632, 1633, 1634, 1635, 1636, 1637, 1638, 1639, 1640, 1641, 1642, 1643, 1644, 1645, 1646, 1647, 1648, 1649, 1650
			]
			,"matrix": [
				1,					0,					0,					0,
				0,					1,					0,					0,
				0,					0,					1,					0,
				-0.0881905,					0.191346,					-0.0261456,					1
			]
			,"name": "Full_ACC_Assembly_V6-2"		}
,
		{
			"matrix": [
				-3.49148e-15,					0,					-1,					0,
				0,					1,					0,					0,
				1,					0,					-3.49148e-15,					0,
				-0.014402,					-0.046346,					0.0261456,					1
			]
			,"mesh": 46
			,"name": "Accumulator_Base_Wall_Ins_V5-3"		}
,
		{
			"matrix": [
				-3.49148e-15,					0,					-1,					0,
				0,					1,					0,					0,
				1,					0,					-3.49148e-15,					0,
				-0.237402,					-0.099346,					0.0261456,					1
			]
			,"mesh": 47
			,"name": "Accumulator_Base_Bottom_Ins_V5-5"		}
,
		{
			"matrix": [
				-3.49148e-15,					0,					-1,					0,
				0,					1,					0,					0,
				1,					0,					-3.49148e-15,					0,
				-0.192402,					-0.046346,					0.0261456,					1
			]
			,"mesh": 48
			,"name": "Accumulator_Base_Wall_Ins_V5-5"		}
,
		{
			"matrix": [
				-3.49148e-15,					0,					-1,					0,
				0,					1,					0,					0,
				1,					0,					-3.49148e-15,					0,
				-0.103402,					-0.046346,					0.0261456,					1
			]
			,"mesh": 49
			,"name": "Accumulator_Base_Wall_Ins_V5-4"		}
,
		{
			"matrix": [
				-3.49148e-15,					0,					-1,					0,
				0,					1,					0,					0,
				1,					0,					-3.49148e-15,					0,
				-0.148402,					-0.099346,					0.0261456,					1
			]
			,"mesh": 50
			,"name": "Accumulator_Base_Bottom_Ins_V5-4"		}
,
		{
			"matrix": [
				-3.49148e-15,					0,					-1,					0,
				0,					1,					0,					0,
				1,					0,					-3.49148e-15,					0,
				0.029598,					-0.099346,					0.0261456,					1
			]
			,"mesh": 51
			,"name": "Accumulator_Base_Bottom_Ins_V5-2"		}
,
		{
			"matrix": [
				-3.49148e-15,					0,					-1,					0,
				0,					1,					0,					0,
				1,					0,					-3.49148e-15,					0,
				-0.059402,					-0.099346,					0.0261456,					1
			]
			,"mesh": 52
			,"name": "Accumulator_Base_Bottom_Ins_V5-3"		}
,
		{
			"matrix": [
				-3.49148e-15,					0,					-1,					0,
				0,					1,					0,					0,
				1,					0,					-3.49148e-15,					0,
				-0.017402,					-0.046346,					0.0261456,					1
			]
			,"mesh": 53
			,"name": "Accumulator_Base_Wall_Ins_V5-8"		}
,
		{
			"matrix": [
				-3.49148e-15,					0,					-1,					0,
				0,					1,					0,					0,
				1,					0,					-3.49148e-15,					0,
				0.029598,					0.004654,					0.0261456,					1
			]
			,"mesh": 54
			,"name": "Accumulator_Base_Bottom_Ins_V5_Solid-2"		}
,
		{
			"matrix": [
				-3.49148e-15,					0,					-1,					0,
				0,					1,					0,					0,
				1,					0,					-3.49148e-15,					0,
				-0.014402,					0.061654,					0.0261456,					1
			]
			,"mesh": 55
			,"name": "Accumulator_Base_Wall_Ins_V5-13"		}
,
		{
			"matrix": [
				-3.49148e-15,					0,					-1,					0,
				0,					1,					0,					0,
				1,					0,					-3.49148e-15,					0,
				-0.059402,					0.004654,					0.0261456,					1
			]
			,"mesh": 56
			,"name": "Accumulator_Base_Bottom_Ins_V5_Solid-3"		}
,
		{
			"matrix": [
				-3.49148e-15,					0,					-1,					0,
				0,					1,					0,					0,
				1,					0,					-3.49148e-15,					0,
				-0.281402,					-0.046346,					0.0261456,					1
			]
			,"mesh": 57
			,"name": "Accumulator_Base_Wall_Ins_V5-6"		}
,
		{
			"matrix": [
				-3.49148e-15,					0,					-1,					0,
				0,					1,					0,					0,
				1,					0,					-3.49148e-15,					0,
				-0.148402,					0.004654,					0.0261456,					1
			]
			,"mesh": 58
			,"name": "Accumulator_Base_Bottom_Ins_V5_Solid-4"		}
,
		{
			"matrix": [
				-3.49148e-15,					0,					-1,					0,
				0,					1,					0,					0,
				1,					0,					-3.49148e-15,					0,
				-0.103402,					0.061654,					0.0261456,					1
			]
			,"mesh": 59
			,"name": "Accumulator_Base_Wall_Ins_V5-14"		}
,
		{
			"matrix": [
				-3.49148e-15,					0,					-1,					0,
				0,					1,					0,					0,
				1,					0,					-3.49148e-15,					0,
				-0.237402,					0.004654,					0.0261456,					1
			]
			,"mesh": 60
			,"name": "Accumulator_Base_Bottom_Ins_V5_Solid-5"		}
,
		{
			"matrix": [
				-3.49148e-15,					0,					-1,					0,
				0,					1,					0,					0,
				1,					0,					-3.49148e-15,					0,
				-0.195402,					-0.046346,					0.0261456,					1
			]
			,"mesh": 61
			,"name": "Accumulator_Base_Wall_Ins_V5-10"		}
,
		{
			"matrix": [
				-3.49148e-15,					0,					-1,					0,
				0,					1,					0,					0,
				1,					0,					-3.49148e-15,					0,
				0.071598,					-0.046346,					0.0261456,					1
			]
			,"mesh": 62
			,"name": "Accumulator_Base_Wall_Ins_V5-7"		}
,
		{
			"matrix": [
				-3.49148e-15,					0,					-1,					0,
				0,					1,					0,					0,
				1,					0,					-3.49148e-15,					0,
				-0.192402,					0.061654,					0.0261456,					1
			]
			,"mesh": 63
			,"name": "Accumulator_Base_Wall_Ins_V5-15"		}
,
		{
			"matrix": [
				-3.49148e-15,					0,					-1,					0,
				0,					1,					0,					0,
				1,					0,					-3.49148e-15,					0,
				-0.017402,					0.061654,					0.0261456,					1
			]
			,"mesh": 64
			,"name": "Accumulator_Base_Wall_Ins_V5-16"		}
,
		{
			"matrix": [
				-3.49148e-15,					0,					-1,					0,
				0,					1,					0,					0,
				1,					0,					-3.49148e-15,					0,
				-0.106402,					-0.046346,					0.0261456,					1
			]
			,"mesh": 65
			,"name": "Accumulator_Base_Wall_Ins_V5-9"		}
,
		{
			"matrix": [
				-3.49148e-15,					0,					-1,					0,
				0,					1,					0,					0,
				1,					0,					-3.49148e-15,					0,
				-0.106402,					0.061654,					0.0261456,					1
			]
			,"mesh": 66
			,"name": "Accumulator_Base_Wall_Ins_V5-17"		}
,
		{
			"matrix": [
				-3.49148e-15,					0,					-1,					0,
				0,					1,					0,					0,
				1,					0,					-3.49148e-15,					0,
				-0.195402,					0.061654,					0.0261456,					1
			]
			,"mesh": 67
			,"name": "Accumulator_Base_Wall_Ins_V5-18"		}
,
		{
			"matrix": [
				1.99829e-16,					0.42126,					0.90694,					0,
				-1.44386e-16,					0.90694,					-0.42126,					0,
				-1,					-4.67693e-17,					2.42056e-16,					0,
				0.138068,					0.018654,					-0.202854,					1
			]
			,"mesh": 68
			,"name": "hex flange nut_am-3"		}
,
		{
			"matrix": [
				-3.49148e-15,					0,					-1,					0,
				0,					1,					0,					0,
				1,					0,					-3.49148e-15,					0,
				-0.059402,					0.008654,					0.0261456,					1
			]
			,"mesh": 69
			,"name": "Accumulator_Base_Bottom_Ins_V5-7"		}
,
		{
			"children": [
				86, 87, 88, 89, 90, 91, 92, 93, 94, 95, 96, 97, 98, 99, 100, 101, 102, 103, 104, 105, 106, 107, 108, 109, 110, 111, 112, 113, 114, 115, 116, 117, 118, 119, 120, 121, 122, 123, 124, 125, 126, 127, 128, 129, 130, 131, 132, 133, 134, 135, 136, 137, 138, 139, 140, 141, 142, 143, 144, 145, 146, 147, 148, 149, 150, 151, 152, 153, 154, 155, 156, 157, 158, 159, 160, 161, 162, 163, 164, 165, 166, 167, 168, 169, 170, 171, 172, 173, 174, 175, 176, 177, 178, 179, 180, 181, 182, 183, 184, 185, 186, 187, 188, 189, 190, 191, 192, 193, 194, 195, 196, 197, 198, 199, 200, 201, 202, 203, 204, 205, 206, 207, 208, 209, 210, 211, 212, 213, 214, 215, 216, 217, 218, 219, 220, 221, 222, 223
			]
			,"matrix": [
				1,					0,					0,					0,
				0,					1,					0,					0,
				0,					0,					1,					0,
				-0.0526487,					-0.098462,					-0.0601897,					1
			]
			,"name": "SEG_V5-2"		}
,
		{
			"matrix": [
				-3.49148e-15,					0,					-1,					0,
				0,					1,					0,					0,
				1,					0,					-3.49148e-15,					0,
				-0.149753,					0.0364744,					0.154956,					1
			]
			,"mesh": 70
			,"name": "LBUS-22"		}
,
		{
			"matrix": [
				-3.49148e-15,					0,					-1,					0,
				0,					1,					0,					0,
				1,					0,					-3.49148e-15,					0,
				-0.149753,					0.0364744,					0.108956,					1
			]
			,"mesh": 71
			,"name": "LBUS-24"		}
,
		{
			"matrix": [
				-3.49148e-15,					0,					-1,					0,
				0,					1,					0,					0,
				1,					0,					-3.49148e-15,					0,
				-0.149753,					0.0364744,					-0.0520445,					1
			]
			,"mesh": 72
			,"name": "LBUS-31"		}
,
		{
			"matrix": [
				-3.49148e-15,					0,					-1,					0,
				0,					1,					0,					0,
				1,					0,					-3.49148e-15,					0,
				-0.149753,					0.0364744,					-0.0750445,					1
			]
			,"mesh": 73
			,"name": "LBUS-32"		}
,
		{
			"matrix": [
				-3.49148e-15,					0,					-1,					0,
				0,					1,					0,					0,
				1,					0,					-3.49148e-15,					0,
				-0.149753,					0.0364744,					-0.0290445,					1
			]
			,"mesh": 74
			,"name": "LBUS-30"		}
,
		{
			"matrix": [
				-3.49148e-15,					0,					-1,					0,
				0,					1,					0,					0,
				1,					0,					-3.49148e-15,					0,
				-0.220753,					0.0362185,					-0.097509,					1
			]
			,"mesh": 75
			,"name": "LBUS-34"		}
,
		{
			"matrix": [
				-3.49148e-15,					0,					-1,					0,
				0,					1,					0,					0,
				1,					0,					-3.49148e-15,					0,
				-0.220753,					0.0593063,					-0.0877308,					1
			]
			,"mesh": 76
			,"name": "SBUS-46"		}
,
		{
			"matrix": [
				-3.49148e-15,					0,					-1,					0,
				0,					1,					0,					0,
				1,					0,					-3.49148e-15,					0,
				-0.149753,					0.0364744,					0.0399555,					1
			]
			,"mesh": 77
			,"name": "LBUS-27"		}
,
		{
			"matrix": [
				-3.49148e-15,					0,					-1,					0,
				0,					1,					0,					0,
				1,					0,					-3.49148e-15,					0,
				-0.149753,					0.0364744,					0.0629555,					1
			]
			,"mesh": 78
			,"name": "LBUS-26"		}
,
		{
			"matrix": [
				-3.49148e-15,					0,					-1,					0,
				0,					1,					0,					0,
				1,					0,					-3.49148e-15,					0,
				-0.149753,					0.0364744,					0.0859555,					1
			]
			,"mesh": 79
			,"name": "LBUS-25"		}
,
		{
			"matrix": [
				-3.49148e-15,					0,					-1,					0,
				0,					1,					0,					0,
				1,					0,					-3.49148e-15,					0,
				-0.149753,					0.0364744,					0.131956,					1
			]
			,"mesh": 80
			,"name": "LBUS-23"		}
,
		{
			"matrix": [
				-3.49148e-15,					0,					-1,					0,
				0,					1,					0,					0,
				1,					0,					-3.49148e-15,					0,
				-0.149753,					0.0364744,					-0.00604449,					1
			]
			,"mesh": 81
			,"name": "LBUS-29"		}
,
		{
			"matrix": [
				-3.49148e-15,					0,					-1,					0,
				0,					1,					0,					0,
				1,					0,					-3.49148e-15,					0,
				-0.149753,					0.0364744,					0.0169555,					1
			]
			,"mesh": 82
			,"name": "LBUS-28"		}
,
		{
			"matrix": [
				-3.49148e-15,					1,					0,					0,
				-1,					-3.49148e-15,					0,					0,
				0,					0,					1,					0,
				-0.149753,					0.013616,					-0.0976647,					1
			]
			,"mesh": 83
			,"name": "21700_Cell-51"		}
,
		{
			"matrix": [
				-3.49148e-15,					1,					0,					0,
				-1,					-3.49148e-15,					0,					0,
				0,					0,					1,					0,
				-0.149753,					0.036616,					-0.0976647,					1
			]
			,"mesh": 84
			,"name": "21700_Cell-50"		}
,
		{
			"matrix": [
				-3.49148e-15,					0,					-1,					0,
				0,					1,					0,					0,
				1,					0,					-3.49148e-15,					0,
				-0.149753,					0.0364744,					-0.0980445,					1
			]
			,"mesh": 85
			,"name": "LBUS-33"		}
,
		{
			"matrix": [
				-3.49148e-15,					0,					-1,					0,
				0,					1,					0,					0,
				1,					0,					-3.49148e-15,					0,
				-0.220753,					0.0133063,					-0.0877308,					1
			]
			,"mesh": 86
			,"name": "SBUS-48"		}
,
		{
			"matrix": [
				-3.49148e-15,					0,					-1,					0,
				0,					1,					0,					0,
				1,					0,					-3.49148e-15,					0,
				-0.149753,					0.0370377,					-0.063887,					1
			]
			,"mesh": 87
			,"name": "SBUS-50"		}
,
		{
			"matrix": [
				-3.49148e-15,					0,					-1,					0,
				0,					1,					0,					0,
				1,					0,					-3.49148e-15,					0,
				-0.149753,					0.0600377,					-0.063887,					1
			]
			,"mesh": 88
			,"name": "SBUS-49"		}
,
		{
			"matrix": [
				-3.49148e-15,					0,					-1,					0,
				0,					1,					0,					0,
				1,					0,					-3.49148e-15,					0,
				-0.149753,					0.0140377,					-0.063887,					1
			]
			,"mesh": 89
			,"name": "SBUS-51"		}
,
		{
			"matrix": [
				-3.49148e-15,					0,					-1,					0,
				0,					1,					0,					0,
				1,					0,					-3.49148e-15,					0,
				-0.220753,					0.0363063,					-0.0877308,					1
			]
			,"mesh": 90
			,"name": "SBUS-47"		}
,
		{
			"matrix": [
				1.04744e-14,					0,					1,					0,
				-1,					-3.49148e-15,					1.04744e-14,					0,
				3.49148e-15,					-1,					-3.65713e-29,					0,
				-0.199753,					0.036616,					0.0863353,					1
			]
			,"mesh": 91
			,"name": "Segment_Cover_V5-1"		}
,
		{
			"matrix": [
				-3.49148e-15,					0,					-1,					0,
				1,					-3.49148e-15,					-3.49148e-15,					0,
				-3.49148e-15,					-1,					1.21904e-29,					0,
				-0.169753,					0.036616,					0.0863353,					1
			]
			,"mesh": 92
			,"name": "Segment_Cover_V5-2"		}
,
		{
			"matrix": [
				3.49148e-15,					1,					0,					0,
				-1,					3.49148e-15,					3.49148e-15,					0,
				3.49148e-15,					0,					1,					0,
				-0.149753,					0.059616,					0.270335,					1
			]
			,"mesh": 93
			,"name": "21700_Cell-1"		}
,
		{
			"matrix": [
				1.04744e-14,					-1,					0,					0,
				1,					1.04744e-14,					0,					0,
				0,					0,					1,					0,
				-0.219753,					0.059616,					0.247335,					1
			]
			,"mesh": 94
			,"name": "21700_Cell-2"		}
,
		{
			"matrix": [
				-3.49148e-15,					0,					-1,					0,
				0,					1,					0,					0,
				1,					0,					-3.49148e-15,					0,
				-0.220753,					0.0362185,					0.270491,					1
			]
			,"mesh": 95
			,"name": "LBUS-1"		}
,
		{
			"matrix": [
				-3.49148e-15,					0,					-1,					0,
				0,					1,					0,					0,
				1,					0,					-3.49148e-15,					0,
				-0.149753,					0.0364744,					0.269956,					1
			]
			,"mesh": 96
			,"name": "LBUS-2"		}
,
		{
			"matrix": [
				-3.49148e-15,					0,					-1,					0,
				0,					1,					0,					0,
				1,					0,					-3.49148e-15,					0,
				-0.220753,					0.0593063,					0.234269,					1
			]
			,"mesh": 97
			,"name": "SBUS-2"		}
,
		{
			"matrix": [
				-3.49148e-15,					1,					0,					0,
				-1,					-3.49148e-15,					0,					0,
				0,					0,					1,					0,
				-0.149753,					0.059616,					-0.0976647,					1
			]
			,"mesh": 98
			,"name": "21700_Cell-49"		}
,
		{
			"matrix": [
				-3.49148e-15,					0,					-1,					0,
				0,					1,					0,					0,
				1,					0,					-3.49148e-15,					0,
				-0.149753,					0.0600377,					0.258113,					1
			]
			,"mesh": 99
			,"name": "SBUS-1"		}
,
		{
			"matrix": [
				3.49148e-15,					1,					0,					0,
				-1,					3.49148e-15,					3.49148e-15,					0,
				3.49148e-15,					0,					1,					0,
				-0.149753,					0.059616,					0.224335,					1
			]
			,"mesh": 100
			,"name": "21700_Cell-5"		}
,
		{
			"matrix": [
				3.49148e-15,					1,					0,					0,
				-1,					3.49148e-15,					3.49148e-15,					0,
				3.49148e-15,					0,					1,					0,
				-0.149753,					0.013616,					0.178335,					1
			]
			,"mesh": 101
			,"name": "21700_Cell-10"		}
,
		{
			"matrix": [
				3.49148e-15,					1,					0,					0,
				-1,					3.49148e-15,					3.49148e-15,					0,
				3.49148e-15,					0,					1,					0,
				-0.149753,					0.036616,					0.132335,					1
			]
			,"mesh": 102
			,"name": "21700_Cell-12"		}
,
		{
			"matrix": [
				3.49148e-15,					1,					0,					0,
				-1,					3.49148e-15,					3.49148e-15,					0,
				3.49148e-15,					0,					1,					0,
				-0.149753,					0.036616,					0.270335,					1
			]
			,"mesh": 103
			,"name": "21700_Cell-3"		}
,
		{
			"matrix": [
				3.49148e-15,					1,					0,					0,
				-1,					3.49148e-15,					3.49148e-15,					0,
				3.49148e-15,					0,					1,					0,
				-0.149753,					0.013616,					0.270335,					1
			]
			,"mesh": 104
			,"name": "21700_Cell-4"		}
,
		{
			"matrix": [
				3.49148e-15,					1,					0,					0,
				-1,					3.49148e-15,					3.49148e-15,					0,
				3.49148e-15,					0,					1,					0,
				-0.149753,					0.036616,					0.224335,					1
			]
			,"mesh": 105
			,"name": "21700_Cell-6"		}
,
		{
			"matrix": [
				3.49148e-15,					1,					0,					0,
				-1,					3.49148e-15,					3.49148e-15,					0,
				3.49148e-15,					0,					1,					0,
				-0.149753,					0.013616,					0.224335,					1
			]
			,"mesh": 106
			,"name": "21700_Cell-7"		}
,
		{
			"matrix": [
				3.49148e-15,					1,					0,					0,
				-1,					3.49148e-15,					3.49148e-15,					0,
				3.49148e-15,					0,					1,					0,
				-0.149753,					0.036616,					0.178335,					1
			]
			,"mesh": 107
			,"name": "21700_Cell-9"		}
,
		{
			"matrix": [
				3.49148e-15,					1,					0,					0,
				-1,					3.49148e-15,					3.49148e-15,					0,
				3.49148e-15,					0,					1,					0,
				-0.149753,					0.059616,					0.178335,					1
			]
			,"mesh": 108
			,"name": "21700_Cell-8"		}
,
		{
			"matrix": [
				3.49148e-15,					1,					0,					0,
				-1,					3.49148e-15,					3.49148e-15,					0,
				3.49148e-15,					0,					1,					0,
				-0.149753,					0.059616,					0.132335,					1
			]
			,"mesh": 109
			,"name": "21700_Cell-11"		}
,
		{
			"matrix": [
				3.49148e-15,					1,					0,					0,
				-1,					3.49148e-15,					3.49148e-15,					0,
				3.49148e-15,					0,					1,					0,
				-0.149753,					0.059616,					-0.0516647,					1
			]
			,"mesh": 110
			,"name": "21700_Cell-23"		}
,
		{
			"matrix": [
				3.49148e-15,					1,					0,					0,
				-1,					3.49148e-15,					3.49148e-15,					0,
				3.49148e-15,					0,					1,					0,
				-0.149753,					0.013616,					-0.00566474,					1
			]
			,"mesh": 111
			,"name": "21700_Cell-22"		}
,
		{
			"matrix": [
				3.49148e-15,					1,					0,					0,
				-1,					3.49148e-15,					3.49148e-15,					0,
				3.49148e-15,					0,					1,					0,
				-0.149753,					0.059616,					0.0863353,					1
			]
			,"mesh": 112
			,"name": "21700_Cell-14"		}
,
		{
			"matrix": [
				3.49148e-15,					1,					0,					0,
				-1,					3.49148e-15,					3.49148e-15,					0,
				3.49148e-15,					0,					1,					0,
				-0.149753,					0.013616,					0.0863353,					1
			]
			,"mesh": 113
			,"name": "21700_Cell-16"		}
,
		{
			"matrix": [
				3.49148e-15,					1,					0,					0,
				-1,					3.49148e-15,					3.49148e-15,					0,
				3.49148e-15,					0,					1,					0,
				-0.149753,					0.059616,					-0.00566474,					1
			]
			,"mesh": 114
			,"name": "21700_Cell-20"		}
,
		{
			"matrix": [
				3.49148e-15,					1,					0,					0,
				-1,					3.49148e-15,					3.49148e-15,					0,
				3.49148e-15,					0,					1,					0,
				-0.149753,					0.036616,					0.0863353,					1
			]
			,"mesh": 115
			,"name": "21700_Cell-15"		}
,
		{
			"matrix": [
				3.49148e-15,					1,					0,					0,
				-1,					3.49148e-15,					3.49148e-15,					0,
				3.49148e-15,					0,					1,					0,
				-0.149753,					0.036616,					0.0403353,					1
			]
			,"mesh": 116
			,"name": "21700_Cell-18"		}
,
		{
			"matrix": [
				3.49148e-15,					1,					0,					0,
				-1,					3.49148e-15,					3.49148e-15,					0,
				3.49148e-15,					0,					1,					0,
				-0.149753,					0.059616,					0.0403353,					1
			]
			,"mesh": 117
			,"name": "21700_Cell-17"		}
,
		{
			"matrix": [
				3.49148e-15,					1,					0,					0,
				-1,					3.49148e-15,					3.49148e-15,					0,
				3.49148e-15,					0,					1,					0,
				-0.149753,					0.036616,					-0.00566474,					1
			]
			,"mesh": 118
			,"name": "21700_Cell-21"		}
,
		{
			"matrix": [
				3.49148e-15,					1,					0,					0,
				-1,					3.49148e-15,					3.49148e-15,					0,
				3.49148e-15,					0,					1,					0,
				-0.149753,					0.013616,					0.132335,					1
			]
			,"mesh": 119
			,"name": "21700_Cell-13"		}
,
		{
			"matrix": [
				3.49148e-15,					1,					0,					0,
				-1,					3.49148e-15,					3.49148e-15,					0,
				3.49148e-15,					0,					1,					0,
				-0.149753,					0.013616,					0.0403353,					1
			]
			,"mesh": 120
			,"name": "21700_Cell-19"		}
,
		{
			"matrix": [
				1.04744e-14,					-1,					0,					0,
				1,					1.04744e-14,					0,					0,
				0,					0,					1,					0,
				-0.219753,					0.059616,					0.155335,					1
			]
			,"mesh": 121
			,"name": "21700_Cell-31"		}
,
		{
			"matrix": [
				1.04744e-14,					-1,					0,					0,
				1,					1.04744e-14,					0,					0,
				0,					0,					1,					0,
				-0.219753,					0.059616,					0.109335,					1
			]
			,"mesh": 122
			,"name": "21700_Cell-34"		}
,
		{
			"matrix": [
				1.04744e-14,					-1,					0,					0,
				1,					1.04744e-14,					0,					0,
				0,					0,					1,					0,
				-0.219753,					0.013616,					0.109335,					1
			]
			,"mesh": 123
			,"name": "21700_Cell-36"		}
,
		{
			"matrix": [
				1.04744e-14,					-1,					0,					0,
				1,					1.04744e-14,					0,					0,
				0,					0,					1,					0,
				-0.219753,					0.013616,					0.201335,					1
			]
			,"mesh": 124
			,"name": "21700_Cell-30"		}
,
		{
			"matrix": [
				1.04744e-14,					-1,					0,					0,
				1,					1.04744e-14,					0,					0,
				0,					0,					1,					0,
				-0.219753,					0.036616,					0.155335,					1
			]
			,"mesh": 125
			,"name": "21700_Cell-32"		}
,
		{
			"matrix": [
				1.04744e-14,					-1,					0,					0,
				1,					1.04744e-14,					0,					0,
				0,					0,					1,					0,
				-0.219753,					0.013616,					0.247335,					1
			]
			,"mesh": 126
			,"name": "21700_Cell-27"		}
,
		{
			"matrix": [
				3.49148e-15,					1,					0,					0,
				-1,					3.49148e-15,					3.49148e-15,					0,
				3.49148e-15,					0,					1,					0,
				-0.149753,					0.036616,					-0.0516647,					1
			]
			,"mesh": 127
			,"name": "21700_Cell-24"		}
,
		{
			"matrix": [
				3.49148e-15,					1,					0,					0,
				-1,					3.49148e-15,					3.49148e-15,					0,
				3.49148e-15,					0,					1,					0,
				-0.149753,					0.013616,					-0.0516647,					1
			]
			,"mesh": 128
			,"name": "21700_Cell-25"		}
,
		{
			"matrix": [
				1.04744e-14,					-1,					0,					0,
				1,					1.04744e-14,					0,					0,
				0,					0,					1,					0,
				-0.219753,					0.036616,					0.247335,					1
			]
			,"mesh": 129
			,"name": "21700_Cell-26"		}
,
		{
			"matrix": [
				1.04744e-14,					-1,					0,					0,
				1,					1.04744e-14,					0,					0,
				0,					0,					1,					0,
				-0.219753,					0.059616,					0.201335,					1
			]
			,"mesh": 130
			,"name": "21700_Cell-28"		}
,
		{
			"matrix": [
				1.04744e-14,					-1,					0,					0,
				1,					1.04744e-14,					0,					0,
				0,					0,					1,					0,
				-0.219753,					0.036616,					0.201335,					1
			]
			,"mesh": 131
			,"name": "21700_Cell-29"		}
,
		{
			"matrix": [
				1.04744e-14,					-1,					0,					0,
				1,					1.04744e-14,					0,					0,
				0,					0,					1,					0,
				-0.219753,					0.013616,					0.155335,					1
			]
			,"mesh": 132
			,"name": "21700_Cell-33"		}
,
		{
			"matrix": [
				1.04744e-14,					-1,					0,					0,
				1,					1.04744e-14,					0,					0,
				0,					0,					1,					0,
				-0.219753,					0.036616,					0.109335,					1
			]
			,"mesh": 133
			,"name": "21700_Cell-35"		}
,
		{
			"matrix": [
				1.04744e-14,					-1,					0,					0,
				1,					1.04744e-14,					0,					0,
				0,					0,					1,					0,
				-0.219753,					0.013616,					0.0633353,					1
			]
			,"mesh": 134
			,"name": "21700_Cell-39"		}
,
		{
			"matrix": [
				1.04744e-14,					-1,					0,					0,
				1,					1.04744e-14,					0,					0,
				0,					0,					1,					0,
				-0.219753,					0.036616,					0.0633353,					1
			]
			,"mesh": 135
			,"name": "21700_Cell-38"		}
,
		{
			"matrix": [
				1.04744e-14,					-1,					0,					0,
				1,					1.04744e-14,					0,					0,
				0,					0,					1,					0,
				-0.219753,					0.059616,					-0.0286647,					1
			]
			,"mesh": 136
			,"name": "21700_Cell-43"		}
,
		{
			"matrix": [
				-3.49148e-15,					0,					-1,					0,
				0,					1,					0,					0,
				1,					0,					-3.49148e-15,					0,
				-0.149753,					0.0140377,					0.258113,					1
			]
			,"mesh": 137
			,"name": "SBUS-4"		}
,
		{
			"matrix": [
				1.04744e-14,					-1,					0,					0,
				1,					1.04744e-14,					0,					0,
				0,					0,					1,					0,
				-0.219753,					0.013616,					0.0173353,					1
			]
			,"mesh": 138
			,"name": "21700_Cell-42"		}
,
		{
			"matrix": [
				1.04744e-14,					-1,					0,					0,
				1,					1.04744e-14,					0,					0,
				0,					0,					1,					0,
				-0.219753,					0.059616,					-0.0746647,					1
			]
			,"mesh": 139
			,"name": "21700_Cell-46"		}
,
		{
			"matrix": [
				1.04744e-14,					-1,					0,					0,
				1,					1.04744e-14,					0,					0,
				0,					0,					1,					0,
				-0.219753,					0.059616,					0.0633353,					1
			]
			,"mesh": 140
			,"name": "21700_Cell-37"		}
,
		{
			"matrix": [
				1.04744e-14,					-1,					0,					0,
				1,					1.04744e-14,					0,					0,
				0,					0,					1,					0,
				-0.219753,					0.036616,					0.0173353,					1
			]
			,"mesh": 141
			,"name": "21700_Cell-41"		}
,
		{
			"matrix": [
				1.04744e-14,					-1,					0,					0,
				1,					1.04744e-14,					0,					0,
				0,					0,					1,					0,
				-0.219753,					0.013616,					-0.0286647,					1
			]
			,"mesh": 142
			,"name": "21700_Cell-45"		}
,
		{
			"matrix": [
				-3.49148e-15,					0,					-1,					0,
				0,					1,					0,					0,
				1,					0,					-3.49148e-15,					0,
				-0.149753,					0.0370377,					0.258113,					1
			]
			,"mesh": 143
			,"name": "SBUS-3"		}
,
		{
			"matrix": [
				1.04744e-14,					-1,					0,					0,
				1,					1.04744e-14,					0,					0,
				0,					0,					1,					0,
				-0.219753,					0.059616,					0.0173353,					1
			]
			,"mesh": 144
			,"name": "21700_Cell-40"		}
,
		{
			"matrix": [
				1.04744e-14,					-1,					0,					0,
				1,					1.04744e-14,					0,					0,
				0,					0,					1,					0,
				-0.219753,					0.013616,					-0.0746647,					1
			]
			,"mesh": 145
			,"name": "21700_Cell-48"		}
,
		{
			"matrix": [
				1.04744e-14,					-1,					0,					0,
				1,					1.04744e-14,					0,					0,
				0,					0,					1,					0,
				-0.219753,					0.036616,					-0.0286647,					1
			]
			,"mesh": 146
			,"name": "21700_Cell-44"		}
,
		{
			"matrix": [
				1.04744e-14,					-1,					0,					0,
				1,					1.04744e-14,					0,					0,
				0,					0,					1,					0,
				-0.219753,					0.036616,					-0.0746647,					1
			]
			,"mesh": 147
			,"name": "21700_Cell-47"		}
,
		{
			"matrix": [
				-3.49148e-15,					0,					-1,					0,
				0,					1,					0,					0,
				1,					0,					-3.49148e-15,					0,
				-0.149753,					0.0600377,					0.074113,					1
			]
			,"mesh": 148
			,"name": "SBUS-14"		}
,
		{
			"matrix": [
				-3.49148e-15,					0,					-1,					0,
				0,					1,					0,					0,
